waitingTime,routeLength,normalWaiting,fitness,run
1.0,272.5,0.003669724770642202,normal_delay,3
0.0,272.5,0.0,normal_delay,3
0.0,614.1,0.0,normal_delay,3
0.0,247.93,0.0,normal_delay,3
0.0,614.1,0.0,normal_delay,3
0.0,614.1,0.0,normal_delay,3
0.0,610.17,0.0,normal_delay,3
0.0,614.1,0.0,normal_delay,3
0.0,614.1,0.0,normal_delay,3
0.0,614.1,0.0,normal_delay,3
0.0,589.53,0.0,normal_delay,3
0.0,614.1,0.0,normal_delay,3
0.0,610.17,0.0,normal_delay,3
0.0,614.1,0.0,normal_delay,3
0.0,614.1,0.0,normal_delay,3
0.0,796.16,0.0,normal_delay,3
0.0,837.44,0.0,normal_delay,3
0.0,614.1,0.0,normal_delay,3
0.0,614.1,0.0,normal_delay,3
9.0,614.1,0.014655593551538837,normal_delay,3
11.0,614.1,0.017912392118547466,normal_delay,3
6.0,614.1,0.009770395701025891,normal_delay,3
0.0,610.17,0.0,normal_delay,3
20.0,614.1,0.03256798567008631,normal_delay,3
0.0,614.1,0.0,normal_delay,3
2.0,614.1,0.0032567985670086306,normal_delay,3
0.0,589.53,0.0,normal_delay,3
0.0,614.1,0.0,normal_delay,3
8.0,614.1,0.013027194268034522,normal_delay,3
0.0,614.1,0.0,normal_delay,3
0.0,614.1,0.0,normal_delay,3
0.0,589.53,0.0,normal_delay,3
28.0,443.3,0.06316264380780509,normal_delay,3
0.0,610.17,0.0,normal_delay,3
1.0,443.3,0.0022558087074216106,normal_delay,3
0.0,614.1,0.0,normal_delay,3
0.0,614.1,0.0,normal_delay,3
26.0,614.1,0.0423383813711122,normal_delay,3
0.0,971.96,0.0,normal_delay,3
0.0,614.1,0.0,normal_delay,3
0.0,614.1,0.0,normal_delay,3
0.0,247.93,0.0,normal_delay,3
37.0,614.1,0.06025077348965966,normal_delay,3
18.0,614.1,0.029311187103077674,normal_delay,3
0.0,589.53,0.0,normal_delay,3
0.0,614.1,0.0,normal_delay,3
0.0,996.53,0.0,normal_delay,3
21.0,614.1,0.03419638495359062,normal_delay,3
0.0,614.1,0.0,normal_delay,3
14.0,272.5,0.05137614678899083,normal_delay,3
28.0,614.1,0.045595179938120824,normal_delay,3
15.0,614.1,0.024425989252564728,normal_delay,3
29.0,272.5,0.10642201834862386,normal_delay,3
23.0,272.5,0.08440366972477065,normal_delay,3
0.0,992.6,0.0,normal_delay,3
31.0,443.3,0.06993006993006994,normal_delay,3
1.0,614.1,0.0016283992835043153,normal_delay,3
0.0,614.1,0.0,normal_delay,3
2.0,272.5,0.007339449541284404,normal_delay,3
0.0,614.1,0.0,normal_delay,3
4.0,272.5,0.014678899082568808,normal_delay,3
0.0,1017.17,0.0,normal_delay,3
0.0,268.57,0.0,normal_delay,3
0.0,247.93,0.0,normal_delay,3
17.0,610.17,0.02786108789353787,normal_delay,3
0.0,614.1,0.0,normal_delay,3
0.0,272.5,0.0,normal_delay,3
0.0,1268.96,0.0,normal_delay,3
0.0,796.16,0.0,normal_delay,3
0.0,971.96,0.0,normal_delay,3
0.0,610.17,0.0,normal_delay,3
0.0,614.1,0.0,normal_delay,3
4.0,841.37,0.0047541509680639905,normal_delay,3
45.0,614.1,0.07327796775769418,normal_delay,3
0.0,614.1,0.0,normal_delay,3
0.0,272.5,0.0,normal_delay,3
0.0,971.96,0.0,normal_delay,3
37.0,614.1,0.06025077348965966,normal_delay,3
0.0,589.53,0.0,normal_delay,3
34.0,614.1,0.055365575639146715,normal_delay,3
55.0,614.1,0.08956196059273734,normal_delay,3
55.0,614.1,0.08956196059273734,normal_delay,3
25.0,614.1,0.04070998208760788,normal_delay,3
0.0,899.0,0.0,normal_delay,3
12.0,614.1,0.019540791402051783,normal_delay,3
0.0,247.93,0.0,normal_delay,3
23.0,1032.6,0.022273871779972886,normal_delay,3
22.0,614.1,0.03582478423709493,normal_delay,3
42.0,614.1,0.06839276990718124,normal_delay,3
0.0,614.1,0.0,normal_delay,3
13.0,614.1,0.0211691906855561,normal_delay,3
19.0,610.17,0.03113886293983644,normal_delay,3
0.0,589.53,0.0,normal_delay,3
13.0,610.17,0.021305537800940723,normal_delay,3
0.0,614.1,0.0,normal_delay,3
42.0,614.1,0.06839276990718124,normal_delay,3
0.0,614.1,0.0,normal_delay,3
0.0,992.6,0.0,normal_delay,3
9.0,614.1,0.014655593551538837,normal_delay,3
0.0,796.16,0.0,normal_delay,3
40.0,614.1,0.06513597134017261,normal_delay,3
0.0,610.17,0.0,normal_delay,3
27.0,841.37,0.03209051903443194,normal_delay,3
9.0,614.1,0.014655593551538837,normal_delay,3
5.0,614.1,0.008141996417521577,normal_delay,3
0.0,589.53,0.0,normal_delay,3
0.0,610.17,0.0,normal_delay,3
0.0,614.1,0.0,normal_delay,3
31.0,841.37,0.03684467000249593,normal_delay,3
31.0,614.1,0.05048037778863377,normal_delay,3
18.0,614.1,0.029311187103077674,normal_delay,3
0.0,589.53,0.0,normal_delay,3
0.0,614.1,0.0,normal_delay,3
31.0,841.37,0.03684467000249593,normal_delay,3
1.0,614.1,0.0016283992835043153,normal_delay,3
0.0,614.1,0.0,normal_delay,3
0.0,610.17,0.0,normal_delay,3
10.0,861.8,0.011603620329542819,normal_delay,3
0.0,1362.96,0.0,normal_delay,3
0.0,1268.96,0.0,normal_delay,3
14.0,1069.8,0.013086558235184146,normal_delay,3
0.0,614.1,0.0,normal_delay,3
40.0,1050.6,0.038073481819912436,normal_delay,3
25.0,1497.6,0.016693376068376068,normal_delay,3
9.0,841.37,0.01069683967814398,normal_delay,3
0.0,589.53,0.0,normal_delay,3
0.0,614.1,0.0,normal_delay,3
0.0,1310.24,0.0,normal_delay,3
0.0,614.1,0.0,normal_delay,3
0.0,610.17,0.0,normal_delay,3
0.0,882.44,0.0,normal_delay,3
0.0,610.17,0.0,normal_delay,3
0.0,796.16,0.0,normal_delay,3
0.0,861.8,0.0,normal_delay,3
0.0,1011.96,0.0,normal_delay,3
24.0,841.37,0.028524905808383946,normal_delay,3
0.0,1069.8,0.0,normal_delay,3
7.0,1794.53,0.0039007428128813673,normal_delay,3
0.0,589.53,0.0,normal_delay,3
0.0,1332.96,0.0,normal_delay,3
29.0,443.3,0.06541845251522671,normal_delay,3
4.0,1520.8,0.0026301946344029457,normal_delay,3
14.0,443.3,0.031581321903902546,normal_delay,3
0.0,1520.8,0.0,normal_delay,3
0.0,614.1,0.0,normal_delay,3
37.0,614.1,0.06025077348965966,normal_delay,3
0.0,816.8,0.0,normal_delay,3
4.0,614.1,0.006513597134017261,normal_delay,3
2.0,443.3,0.004511617414843221,normal_delay,3
5.0,1407.6,0.0035521454958795115,normal_delay,3
26.0,1017.17,0.025561115644385894,normal_delay,3
0.0,1332.96,0.0,normal_delay,3
0.0,1069.8,0.0,normal_delay,3
0.0,614.1,0.0,normal_delay,3
27.0,996.53,0.027094016236340102,normal_delay,3
26.0,996.53,0.02609053415351269,normal_delay,3
0.0,1289.6,0.0,normal_delay,3
0.0,1332.96,0.0,normal_delay,3
0.0,1032.6,0.0,normal_delay,3
21.0,614.1,0.03419638495359062,normal_delay,3
0.0,614.1,0.0,normal_delay,3
0.0,589.53,0.0,normal_delay,3
13.0,614.1,0.0211691906855561,normal_delay,3
16.0,614.1,0.026054388536069045,normal_delay,3
0.0,900.44,0.0,normal_delay,3
0.0,589.53,0.0,normal_delay,3
27.0,614.1,0.04396678065461651,normal_delay,3
23.0,614.1,0.03745318352059925,normal_delay,3
0.0,816.8,0.0,normal_delay,3
17.0,614.1,0.027682787819573357,normal_delay,3
26.0,1407.6,0.01847115657857346,normal_delay,3
0.0,796.16,0.0,normal_delay,3
5.0,614.1,0.008141996417521577,normal_delay,3
4.0,614.1,0.006513597134017261,normal_delay,3
33.0,614.1,0.0537371763556424,normal_delay,3
17.0,614.1,0.027682787819573357,normal_delay,3
7.0,614.1,0.011398794984530206,normal_delay,3
0.0,614.1,0.0,normal_delay,3
5.0,1374.24,0.0036383746652695306,normal_delay,3
27.0,614.1,0.04396678065461651,normal_delay,3
26.0,614.1,0.0423383813711122,normal_delay,3
0.0,614.1,0.0,normal_delay,3
0.0,614.1,0.0,normal_delay,3
0.0,614.1,0.0,normal_delay,3
14.0,614.1,0.022797589969060412,normal_delay,3
2.0,614.1,0.0032567985670086306,normal_delay,3
0.0,614.1,0.0,normal_delay,3
9.0,272.5,0.03302752293577982,normal_delay,3
0.0,272.5,0.0,normal_delay,3
0.0,1268.96,0.0,normal_delay,3
0.0,1032.6,0.0,normal_delay,3
7.0,614.1,0.011398794984530206,normal_delay,3
0.0,614.1,0.0,normal_delay,3
18.0,614.1,0.029311187103077674,normal_delay,3
0.0,589.53,0.0,normal_delay,3
0.0,614.1,0.0,normal_delay,3
20.0,272.5,0.07339449541284404,normal_delay,3
0.0,614.1,0.0,normal_delay,3
19.0,1428.24,0.013303086316025317,normal_delay,3
10.0,614.1,0.016283992835043153,normal_delay,3
0.0,614.1,0.0,normal_delay,3
0.0,1497.6,0.0,normal_delay,3
3.0,1017.17,0.0029493594974291416,normal_delay,3
0.0,992.6,0.0,normal_delay,3
3.0,614.1,0.004885197850512946,normal_delay,3
8.0,443.3,0.018046469659372885,normal_delay,3
8.0,268.57,0.029787392486130247,normal_delay,3
0.0,796.16,0.0,normal_delay,3
0.0,247.93,0.0,normal_delay,3
0.0,614.1,0.0,normal_delay,3
0.0,443.3,0.0,normal_delay,3
9.0,996.53,0.0090313387454467,normal_delay,3
34.0,614.1,0.055365575639146715,normal_delay,3
0.0,589.53,0.0,normal_delay,3
0.0,589.53,0.0,normal_delay,3
40.0,614.1,0.06513597134017261,normal_delay,3
13.0,614.1,0.0211691906855561,normal_delay,3
0.0,272.5,0.0,normal_delay,3
0.0,1289.6,0.0,normal_delay,3
0.0,589.53,0.0,normal_delay,3
0.0,614.1,0.0,normal_delay,3
0.0,1407.6,0.0,normal_delay,3
0.0,614.1,0.0,normal_delay,3
0.0,614.1,0.0,normal_delay,3
0.0,614.1,0.0,normal_delay,3
0.0,610.17,0.0,normal_delay,3
0.0,820.73,0.0,normal_delay,3
0.0,614.1,0.0,normal_delay,3
0.0,614.1,0.0,normal_delay,3
63.0,1017.17,0.06193654944601198,normal_delay,3
0.0,614.1,0.0,normal_delay,3
10.0,1353.6,0.007387706855791962,normal_delay,3
2.0,820.73,0.002436854994943526,normal_delay,3
0.0,589.53,0.0,normal_delay,3
2.0,1407.6,0.0014208581983518045,normal_delay,3
13.0,1374.24,0.00945977412970078,normal_delay,3
42.0,614.1,0.06839276990718124,normal_delay,3
12.0,1383.6,0.008673026886383349,normal_delay,3
59.0,841.37,0.07012372677894387,normal_delay,3
81.0,841.37,0.09627155710329581,normal_delay,3
1.0,1404.24,0.0007121289808010027,normal_delay,3
46.0,614.1,0.0749063670411985,normal_delay,3
0.0,1353.6,0.0,normal_delay,3
41.0,614.1,0.06676437062367692,normal_delay,3
7.0,614.1,0.011398794984530206,normal_delay,3
0.0,614.1,0.0,normal_delay,3
0.0,1854.6,0.0,normal_delay,3
6.0,1289.6,0.0046526054590570725,normal_delay,3
22.0,882.44,0.024930873487149268,normal_delay,3
22.0,610.17,0.0360555255092843,normal_delay,3
0.0,1794.53,0.0,normal_delay,3
0.0,1386.96,0.0,normal_delay,3
29.0,614.1,0.047223579221625143,normal_delay,3
24.0,614.1,0.039081582804103565,normal_delay,3
0.0,614.1,0.0,normal_delay,3
31.0,614.1,0.05048037778863377,normal_delay,3
14.0,614.1,0.022797589969060412,normal_delay,3
0.0,247.93,0.0,normal_delay,3
22.0,610.17,0.0360555255092843,normal_delay,3
0.0,614.1,0.0,normal_delay,3
0.0,589.53,0.0,normal_delay,3
0.0,614.1,0.0,normal_delay,3
17.0,1754.6,0.009688817964208367,normal_delay,3
1.0,1790.6,0.0005584720205517704,normal_delay,3
20.0,841.37,0.023770754840319954,normal_delay,3
0.0,589.53,0.0,normal_delay,3
19.0,1790.6,0.010610968390483637,normal_delay,3
46.0,841.37,0.05467273613273589,normal_delay,3
10.0,614.1,0.016283992835043153,normal_delay,3
0.0,614.1,0.0,normal_delay,3
18.0,841.37,0.02139367935628796,normal_delay,3
13.0,610.17,0.021305537800940723,normal_delay,3
4.0,610.17,0.0065555500925971455,normal_delay,3
0.0,589.53,0.0,normal_delay,3
43.0,1545.37,0.027825051605764317,normal_delay,3
21.0,882.44,0.023797651965006116,normal_delay,3
18.0,1811.24,0.009937943066628386,normal_delay,3
11.0,1069.8,0.010282295756216116,normal_delay,3
45.0,1524.73,0.02951342204849383,normal_delay,3
0.0,878.36,0.0,normal_delay,3
0.0,610.17,0.0,normal_delay,3
34.0,1794.53,0.01894646509113807,normal_delay,3
0.0,614.1,0.0,normal_delay,3
0.0,268.57,0.0,normal_delay,3
0.0,1811.24,0.0,normal_delay,3
0.0,589.53,0.0,normal_delay,3
0.0,614.1,0.0,normal_delay,3
20.0,614.1,0.03256798567008631,normal_delay,3
29.0,2154.96,0.01345732635408546,normal_delay,3
19.0,816.8,0.0232615083251714,normal_delay,3
36.0,614.1,0.05862237420615535,normal_delay,3
19.0,614.1,0.03093958638658199,normal_delay,3
0.0,247.93,0.0,normal_delay,3
0.0,1386.96,0.0,normal_delay,3
30.0,816.8,0.036728697355533794,normal_delay,3
22.0,614.1,0.03582478423709493,normal_delay,3
0.0,589.53,0.0,normal_delay,3
10.0,614.1,0.016283992835043153,normal_delay,3
5.0,614.1,0.008141996417521577,normal_delay,3
0.0,2154.96,0.0,normal_delay,3
5.0,996.53,0.005017410414137055,normal_delay,3
0.0,589.53,0.0,normal_delay,3
30.0,614.1,0.048851978505129456,normal_delay,3
11.0,614.1,0.017912392118547466,normal_delay,3
2.0,614.1,0.0032567985670086306,normal_delay,3
0.0,614.1,0.0,normal_delay,3
29.0,1769.96,0.016384551063300865,normal_delay,3
14.0,816.8,0.01714005876591577,normal_delay,3
35.0,614.1,0.056993974922651035,normal_delay,3
37.0,443.3,0.0834649221745996,normal_delay,3
9.0,816.8,0.011018609206660137,normal_delay,3
0.0,614.1,0.0,normal_delay,3
0.0,614.1,0.0,normal_delay,3
68.0,1516.8,0.044831223628691984,normal_delay,3
51.0,1407.6,0.036231884057971016,normal_delay,3
7.0,1794.53,0.0039007428128813673,normal_delay,3
20.0,614.1,0.03256798567008631,normal_delay,3
22.0,443.3,0.04962779156327543,normal_delay,3
0.0,614.1,0.0,normal_delay,3
0.0,443.3,0.0,normal_delay,3
1.0,1053.24,0.0009494512171964604,normal_delay,3
4.0,816.8,0.004897159647404506,normal_delay,3
14.0,614.1,0.022797589969060412,normal_delay,3
1.0,614.1,0.0016283992835043153,normal_delay,3
18.0,899.0,0.020022246941045607,normal_delay,3
27.0,614.1,0.04396678065461651,normal_delay,3
17.0,614.1,0.027682787819573357,normal_delay,3
0.0,268.57,0.0,normal_delay,3
4.0,1090.44,0.003668244011591651,normal_delay,3
0.0,996.53,0.0,normal_delay,3
0.0,614.1,0.0,normal_delay,3
0.0,614.1,0.0,normal_delay,3
58.0,1518.24,0.038202128780693435,normal_delay,3
0.0,971.96,0.0,normal_delay,3
3.0,614.1,0.004885197850512946,normal_delay,3
0.0,589.53,0.0,normal_delay,3
0.0,614.1,0.0,normal_delay,3
0.0,614.1,0.0,normal_delay,3
0.0,443.3,0.0,normal_delay,3
45.0,1013.24,0.04441198531443685,normal_delay,3
3.0,1404.24,0.002136386942403008,normal_delay,3
12.0,992.6,0.012089462018940157,normal_delay,3
0.0,996.53,0.0,normal_delay,3
15.0,1032.6,0.014526438117373622,normal_delay,3
30.0,443.3,0.06767426122264832,normal_delay,3
0.0,614.1,0.0,normal_delay,3
0.0,614.1,0.0,normal_delay,3
0.0,614.1,0.0,normal_delay,3
6.0,443.3,0.013534852244529664,normal_delay,3
0.0,589.53,0.0,normal_delay,3
0.0,614.1,0.0,normal_delay,3
0.0,878.36,0.0,normal_delay,3
0.0,614.1,0.0,normal_delay,3
99.0,1545.37,0.06406232811559692,normal_delay,3
19.0,1017.17,0.01867927681705123,normal_delay,3
27.0,268.57,0.10053244964068958,normal_delay,3
0.0,614.1,0.0,normal_delay,3
0.0,614.1,0.0,normal_delay,3
0.0,247.93,0.0,normal_delay,3
48.0,2298.96,0.020879006159306816,normal_delay,3
32.0,1017.17,0.03145983463924418,normal_delay,3
39.0,272.5,0.14311926605504588,normal_delay,3
26.0,614.1,0.0423383813711122,normal_delay,3
0.0,614.1,0.0,normal_delay,3
0.0,589.53,0.0,normal_delay,3
0.0,272.5,0.0,normal_delay,3
105.0,1524.73,0.06886465144648561,normal_delay,3
67.0,1545.37,0.04335531296712115,normal_delay,3
0.0,1017.17,0.0,normal_delay,3
0.0,610.17,0.0,normal_delay,3
15.0,268.57,0.05585136091149421,normal_delay,3
0.0,1029.96,0.0,normal_delay,3
5.0,268.57,0.018617120303831405,normal_delay,3
5.0,614.1,0.008141996417521577,normal_delay,3
67.0,1374.24,0.048754220514611715,normal_delay,3
8.0,1545.37,0.005176753787118943,normal_delay,3
16.0,614.1,0.026054388536069045,normal_delay,3
19.0,614.1,0.03093958638658199,normal_delay,3
63.0,1603.0,0.039301310043668124,normal_delay,3
27.0,614.1,0.04396678065461651,normal_delay,3
9.0,614.1,0.014655593551538837,normal_delay,3
20.0,614.1,0.03256798567008631,normal_delay,3
0.0,614.1,0.0,normal_delay,3
0.0,614.1,0.0,normal_delay,3
17.0,1353.6,0.012559101654846336,normal_delay,3
0.0,1032.6,0.0,normal_delay,3
15.0,614.1,0.024425989252564728,normal_delay,3
0.0,614.1,0.0,normal_delay,3
40.0,1815.17,0.022036503467994732,normal_delay,3
11.0,2151.6,0.005112474437627812,normal_delay,3
11.0,1500.16,0.007332551194539249,normal_delay,3
1.0,1794.53,0.0005572489732687668,normal_delay,3
0.0,1407.6,0.0,normal_delay,3
9.0,614.1,0.014655593551538837,normal_delay,3
8.0,614.1,0.013027194268034522,normal_delay,3
0.0,614.1,0.0,normal_delay,3
47.0,1545.37,0.03041342849932379,normal_delay,3
9.0,1374.24,0.006549074397485155,normal_delay,3
0.0,1289.6,0.0,normal_delay,3
0.0,247.93,0.0,normal_delay,3
25.0,1524.73,0.01639634558249657,normal_delay,3
0.0,1386.96,0.0,normal_delay,3
0.0,614.1,0.0,normal_delay,3
0.0,1268.96,0.0,normal_delay,3
0.0,589.53,0.0,normal_delay,3
19.0,2130.96,0.008916169238277583,normal_delay,3
23.0,1582.36,0.01453525114386107,normal_delay,3
0.0,2151.6,0.0,normal_delay,3
0.0,268.57,0.0,normal_delay,3
0.0,589.53,0.0,normal_delay,3
47.0,882.44,0.05326141154072798,normal_delay,3
9.0,614.1,0.014655593551538837,normal_delay,3
0.0,614.1,0.0,normal_delay,3
0.0,614.1,0.0,normal_delay,3
31.0,1794.53,0.01727471817133177,normal_delay,3
49.0,614.1,0.07979156489171145,normal_delay,3
21.0,614.1,0.03419638495359062,normal_delay,3
9.0,1815.17,0.004958213280298815,normal_delay,3
42.0,1790.6,0.023455824863174355,normal_delay,3
0.0,1353.6,0.0,normal_delay,3
13.0,614.1,0.0211691906855561,normal_delay,3
0.0,614.1,0.0,normal_delay,3
0.0,589.53,0.0,normal_delay,3
0.0,1407.6,0.0,normal_delay,3
31.0,610.17,0.05080551321762788,normal_delay,3
0.0,614.1,0.0,normal_delay,3
0.0,614.1,0.0,normal_delay,3
32.0,1013.24,0.03158185622359954,normal_delay,3
22.0,610.17,0.0360555255092843,normal_delay,3
0.0,614.1,0.0,normal_delay,3
7.0,992.6,0.007052186177715091,normal_delay,3
0.0,614.1,0.0,normal_delay,3
15.0,820.73,0.018276412462076445,normal_delay,3
50.0,841.37,0.05942688710079989,normal_delay,3
0.0,1386.96,0.0,normal_delay,3
0.0,1011.96,0.0,normal_delay,3
0.0,614.1,0.0,normal_delay,3
0.0,589.53,0.0,normal_delay,3
54.0,2201.6,0.02452761627906977,normal_delay,3
12.0,992.6,0.012089462018940157,normal_delay,3
0.0,614.1,0.0,normal_delay,3
46.0,614.1,0.0749063670411985,normal_delay,3
14.0,614.1,0.022797589969060412,normal_delay,3
0.0,614.1,0.0,normal_delay,3
61.0,1815.17,0.033605667788691965,normal_delay,3
37.0,614.1,0.06025077348965966,normal_delay,3
48.0,2196.24,0.021855534914217028,normal_delay,3
48.0,614.1,0.07816316560820713,normal_delay,3
0.0,589.53,0.0,normal_delay,3
20.0,1407.6,0.014208581983518046,normal_delay,3
37.0,816.8,0.045298726738491675,normal_delay,3
19.0,614.1,0.03093958638658199,normal_delay,3
9.0,1404.24,0.006409160827209024,normal_delay,3
24.0,1815.17,0.013221902080796839,normal_delay,3
0.0,796.16,0.0,normal_delay,3
0.0,614.1,0.0,normal_delay,3
0.0,610.17,0.0,normal_delay,3
0.0,247.93,0.0,normal_delay,3
16.0,837.44,0.01910584638899503,normal_delay,3
40.0,614.1,0.06513597134017261,normal_delay,3
0.0,614.1,0.0,normal_delay,3
0.0,268.57,0.0,normal_delay,3
6.0,837.44,0.007164692395873137,normal_delay,3
9.0,1353.6,0.006648936170212766,normal_delay,3
30.0,614.1,0.048851978505129456,normal_delay,3
0.0,589.53,0.0,normal_delay,3
0.0,589.53,0.0,normal_delay,3
5.0,816.8,0.006121449559255632,normal_delay,3
25.0,614.1,0.04070998208760788,normal_delay,3
3.0,996.53,0.0030104462484822334,normal_delay,3
14.0,614.1,0.022797589969060412,normal_delay,3
7.0,614.1,0.011398794984530206,normal_delay,3
0.0,614.1,0.0,normal_delay,3
0.0,589.53,0.0,normal_delay,3
30.0,1032.6,0.029052876234747244,normal_delay,3
15.0,614.1,0.024425989252564728,normal_delay,3
53.0,1310.24,0.040450604469410185,normal_delay,3
58.0,841.37,0.06893518903692787,normal_delay,3
0.0,589.53,0.0,normal_delay,3
0.0,268.57,0.0,normal_delay,3
27.0,614.1,0.04396678065461651,normal_delay,3
16.0,614.1,0.026054388536069045,normal_delay,3
5.0,614.1,0.008141996417521577,normal_delay,3
10.0,443.3,0.022558087074216106,normal_delay,3
0.0,589.53,0.0,normal_delay,3
35.0,2175.6,0.016087516087516088,normal_delay,3
12.0,614.1,0.019540791402051783,normal_delay,3
70.0,2338.8,0.02992987857020694,normal_delay,3
60.0,841.37,0.07131226452095986,normal_delay,3
2.0,996.53,0.0020069641656548223,normal_delay,3
0.0,614.1,0.0,normal_delay,3
0.0,614.1,0.0,normal_delay,3
0.0,443.3,0.0,normal_delay,3
0.0,614.1,0.0,normal_delay,3
21.0,841.37,0.02495929258233595,normal_delay,3
0.0,996.53,0.0,normal_delay,3
11.0,610.17,0.01802776275464215,normal_delay,3
29.0,443.3,0.06541845251522671,normal_delay,3
8.0,610.17,0.013111100185194291,normal_delay,3
4.0,443.3,0.009023234829686443,normal_delay,3
15.0,1500.16,0.009998933447098976,normal_delay,3
34.0,614.1,0.055365575639146715,normal_delay,3
20.0,272.5,0.07339449541284404,normal_delay,3
8.0,272.5,0.029357798165137616,normal_delay,3
24.0,614.1,0.039081582804103565,normal_delay,3
22.0,614.1,0.03582478423709493,normal_delay,3
39.0,272.5,0.14311926605504588,normal_delay,3
8.0,614.1,0.013027194268034522,normal_delay,3
2.0,610.17,0.0032777750462985727,normal_delay,3
50.0,1404.24,0.035606449040050135,normal_delay,3
18.0,1013.24,0.01776479412577474,normal_delay,3
37.0,614.1,0.06025077348965966,normal_delay,3
36.0,614.1,0.05862237420615535,normal_delay,3
33.0,268.57,0.12287299400528727,normal_delay,3
0.0,614.1,0.0,normal_delay,3
0.0,614.1,0.0,normal_delay,3
0.0,610.17,0.0,normal_delay,3
10.0,1017.17,0.009831198324763805,normal_delay,3
0.0,1029.96,0.0,normal_delay,3
11.0,614.1,0.017912392118547466,normal_delay,3
77.0,2431.16,0.031672123595320754,normal_delay,3
27.0,1790.6,0.015078744554897801,normal_delay,3
12.0,1428.24,0.008401949252226516,normal_delay,3
8.0,1017.17,0.007864958659811044,normal_delay,3
10.0,614.1,0.016283992835043153,normal_delay,3
2.0,614.1,0.0032567985670086306,normal_delay,3
0.0,614.1,0.0,normal_delay,3
0.0,268.57,0.0,normal_delay,3
4.0,1383.6,0.002891008962127783,normal_delay,3
20.0,992.6,0.02014910336490026,normal_delay,3
41.0,2340.24,0.017519570642327283,normal_delay,3
23.0,1032.6,0.022273871779972886,normal_delay,3
0.0,1332.96,0.0,normal_delay,3
31.0,614.1,0.05048037778863377,normal_delay,3
11.0,614.1,0.017912392118547466,normal_delay,3
0.0,589.53,0.0,normal_delay,3
0.0,272.5,0.0,normal_delay,3
94.0,2583.17,0.03638939752319824,normal_delay,3
17.0,2175.6,0.007813936385364957,normal_delay,3
43.0,614.1,0.07002116919068556,normal_delay,3
35.0,614.1,0.056993974922651035,normal_delay,3
34.0,614.1,0.055365575639146715,normal_delay,3
1.0,614.1,0.0016283992835043153,normal_delay,3
0.0,1332.96,0.0,normal_delay,3
0.0,1516.8,0.0,normal_delay,3
23.0,614.1,0.03745318352059925,normal_delay,3
23.0,2154.96,0.010673051935998813,normal_delay,3
15.0,2175.6,0.006894649751792609,normal_delay,3
38.0,1407.6,0.026996305768684288,normal_delay,3
37.0,614.1,0.06025077348965966,normal_delay,3
4.0,820.73,0.004873709989887052,normal_delay,3
0.0,614.1,0.0,normal_delay,3
0.0,2154.96,0.0,normal_delay,3
12.0,614.1,0.019540791402051783,normal_delay,3
0.0,614.1,0.0,normal_delay,3
102.0,2562.53,0.039804412045907754,normal_delay,3
4.0,1407.6,0.002841716396703609,normal_delay,3
0.0,899.0,0.0,normal_delay,3
0.0,614.1,0.0,normal_delay,3
44.0,1353.6,0.03250591016548464,normal_delay,3
31.0,614.1,0.05048037778863377,normal_delay,3
1.0,820.73,0.001218427497471763,normal_delay,3
8.0,610.17,0.013111100185194291,normal_delay,3
0.0,589.53,0.0,normal_delay,3
0.0,614.1,0.0,normal_delay,3
0.0,614.1,0.0,normal_delay,3
40.0,2562.53,0.015609573351336373,normal_delay,3
33.0,1374.24,0.024013272790778903,normal_delay,3
31.0,614.1,0.05048037778863377,normal_delay,3
27.0,614.1,0.04396678065461651,normal_delay,3
10.0,1032.6,0.009684292078249081,normal_delay,3
10.0,614.1,0.016283992835043153,normal_delay,3
18.0,1032.6,0.017431725740848347,normal_delay,3
18.0,614.1,0.029311187103077674,normal_delay,3
0.0,589.53,0.0,normal_delay,3
0.0,1289.6,0.0,normal_delay,3
23.0,614.1,0.03745318352059925,normal_delay,3
3.0,614.1,0.004885197850512946,normal_delay,3
117.0,1838.13,0.06365164596628095,normal_delay,3
57.0,2583.17,0.02206591126406702,normal_delay,3
30.0,2151.6,0.013943112102621306,normal_delay,3
16.0,1032.6,0.015494867325198529,normal_delay,3
0.0,247.93,0.0,normal_delay,3
0.0,1407.6,0.0,normal_delay,3
0.0,1289.6,0.0,normal_delay,3
4.0,614.1,0.006513597134017261,normal_delay,3
0.0,614.1,0.0,normal_delay,3
5.0,1790.6,0.002792360102758852,normal_delay,3
0.0,614.1,0.0,normal_delay,3
0.0,614.1,0.0,normal_delay,3
51.0,2583.17,0.01974318376258628,normal_delay,3
0.0,971.96,0.0,normal_delay,3
0.0,614.1,0.0,normal_delay,3
0.0,614.1,0.0,normal_delay,3
0.0,2151.6,0.0,normal_delay,3
68.0,1524.73,0.044598059984390676,normal_delay,3
14.0,2601.96,0.005380559270703624,normal_delay,3
106.0,1524.73,0.06952050526978547,normal_delay,3
33.0,1524.73,0.021643176168895478,normal_delay,3
0.0,614.1,0.0,normal_delay,3
12.0,614.1,0.019540791402051783,normal_delay,3
0.0,614.1,0.0,normal_delay,3
30.0,861.8,0.034810860988628456,normal_delay,3
29.0,614.1,0.047223579221625143,normal_delay,3
17.0,614.1,0.027682787819573357,normal_delay,3
74.0,2436.73,0.030368567711646345,normal_delay,3
26.0,614.1,0.0423383813711122,normal_delay,3
0.0,614.1,0.0,normal_delay,3
0.0,614.1,0.0,normal_delay,3
0.0,589.53,0.0,normal_delay,3
0.0,614.1,0.0,normal_delay,3
6.0,2472.44,0.002426752519778033,normal_delay,3
53.0,1524.73,0.034760252634892734,normal_delay,3
17.0,820.73,0.02071326745701997,normal_delay,3
17.0,614.1,0.027682787819573357,normal_delay,3
0.0,614.1,0.0,normal_delay,3
0.0,589.53,0.0,normal_delay,3
25.0,996.53,0.02508705207068528,normal_delay,3
7.0,614.1,0.011398794984530206,normal_delay,3
0.0,2601.96,0.0,normal_delay,3
39.0,1353.6,0.028812056737588656,normal_delay,3
26.0,820.73,0.03167911493426583,normal_delay,3
0.0,614.1,0.0,normal_delay,3
39.0,1090.44,0.035765379113018594,normal_delay,3
9.0,1353.6,0.006648936170212766,normal_delay,3
33.0,1520.8,0.021699105733824303,normal_delay,3
41.0,614.1,0.06676437062367692,normal_delay,3
1.0,1017.17,0.0009831198324763805,normal_delay,3
22.0,614.1,0.03582478423709493,normal_delay,3
0.0,841.16,0.0,normal_delay,3
0.0,1362.96,0.0,normal_delay,3
37.0,614.1,0.06025077348965966,normal_delay,3
0.0,1383.6,0.0,normal_delay,3
0.0,1407.6,0.0,normal_delay,3
34.0,614.1,0.055365575639146715,normal_delay,3
0.0,614.1,0.0,normal_delay,3
43.0,1773.8,0.02424174089525313,normal_delay,3
26.0,614.1,0.0423383813711122,normal_delay,3
19.0,614.1,0.03093958638658199,normal_delay,3
9.0,614.1,0.014655593551538837,normal_delay,3
30.0,614.1,0.048851978505129456,normal_delay,3
11.0,614.1,0.017912392118547466,normal_delay,3
1.0,614.1,0.0016283992835043153,normal_delay,3
0.0,614.1,0.0,normal_delay,3
0.0,614.1,0.0,normal_delay,3
0.0,1362.96,0.0,normal_delay,3
26.0,614.1,0.0423383813711122,normal_delay,3
25.0,614.1,0.04070998208760788,normal_delay,3
11.0,614.1,0.017912392118547466,normal_delay,3
0.0,614.1,0.0,normal_delay,3
3.0,996.53,0.0030104462484822334,normal_delay,3
0.0,816.8,0.0,normal_delay,3
10.0,614.1,0.016283992835043153,normal_delay,3
0.0,614.1,0.0,normal_delay,3
2.0,614.1,0.0032567985670086306,normal_delay,3
0.0,614.1,0.0,normal_delay,3
49.0,614.1,0.07979156489171145,normal_delay,3
39.0,614.1,0.0635075720566683,normal_delay,3
0.0,996.53,0.0,normal_delay,3
20.0,614.1,0.03256798567008631,normal_delay,3
0.0,614.1,0.0,normal_delay,3
47.0,1790.6,0.02624818496593321,normal_delay,3
37.0,443.3,0.0834649221745996,normal_delay,3
12.0,614.1,0.019540791402051783,normal_delay,3
0.0,614.1,0.0,normal_delay,3
1.0,614.1,0.0016283992835043153,normal_delay,3
1.0,610.17,0.0016388875231492864,normal_delay,3
3.0,614.1,0.004885197850512946,normal_delay,3
0.0,614.1,0.0,normal_delay,3
0.0,614.1,0.0,normal_delay,3
0.0,614.1,0.0,normal_delay,3
0.0,614.1,0.0,normal_delay,3
0.0,614.1,0.0,normal_delay,3
0.0,614.1,0.0,normal_delay,3
26.0,1815.17,0.014323727254196577,normal_delay,3
0.0,589.53,0.0,normal_delay,3
57.0,1815.17,0.03140201744189249,normal_delay,3
0.0,589.53,0.0,normal_delay,3
81.0,3023.6,0.026789257838338406,normal_delay,3
0.0,614.1,0.0,normal_delay,3
40.0,1811.24,0.02208431792584086,normal_delay,3
0.0,614.1,0.0,normal_delay,3
30.0,1524.73,0.019675614698995886,normal_delay,3
0.0,1353.6,0.0,normal_delay,3
0.0,589.53,0.0,normal_delay,3
0.0,589.53,0.0,normal_delay,3
0.0,589.53,0.0,normal_delay,3
7.0,443.3,0.015790660951951273,normal_delay,3
46.0,2196.24,0.02094488762612465,normal_delay,3
13.0,1663.16,0.00781644580196734,normal_delay,3
0.0,1386.96,0.0,normal_delay,3
0.0,971.96,0.0,normal_delay,3
63.0,2175.6,0.02895752895752896,normal_delay,3
38.0,272.5,0.13944954128440368,normal_delay,3
25.0,268.57,0.09308560151915701,normal_delay,3
0.0,1362.96,0.0,normal_delay,3
56.0,3127.44,0.01790601898038012,normal_delay,3
2.0,268.57,0.007446848121532562,normal_delay,3
0.0,589.53,0.0,normal_delay,3
67.0,1794.53,0.037335681209007376,normal_delay,3
0.0,2175.6,0.0,normal_delay,3
0.0,1029.96,0.0,normal_delay,3
0.0,272.5,0.0,normal_delay,3
0.0,247.93,0.0,normal_delay,3
1.0,1383.6,0.0007227522405319457,normal_delay,3
0.0,1362.96,0.0,normal_delay,3
25.0,610.17,0.04097218807873216,normal_delay,3
25.0,610.17,0.04097218807873216,normal_delay,3
23.0,820.73,0.028023832441850548,normal_delay,3
0.0,1332.96,0.0,normal_delay,3
24.0,837.44,0.028658769583492547,normal_delay,3
97.0,841.37,0.11528816097555178,normal_delay,3
28.0,1790.6,0.015637216575449572,normal_delay,3
53.0,1428.24,0.03710860919733378,normal_delay,3
39.0,1289.6,0.03024193548387097,normal_delay,3
16.0,1407.6,0.011366865586814436,normal_delay,3
0.0,820.73,0.0,normal_delay,3
0.0,1362.96,0.0,normal_delay,3
12.0,841.37,0.014262452904191973,normal_delay,3
21.0,610.17,0.034416637986135014,normal_delay,3
0.0,1362.96,0.0,normal_delay,3
21.0,820.73,0.025586977446907022,normal_delay,3
36.0,614.1,0.05862237420615535,normal_delay,3
21.0,610.17,0.034416637986135014,normal_delay,3
21.0,1310.24,0.01602759799731347,normal_delay,3
0.0,796.16,0.0,normal_delay,3
0.0,614.1,0.0,normal_delay,3
22.0,1017.17,0.021628636314480372,normal_delay,3
42.0,614.1,0.06839276990718124,normal_delay,3
18.0,614.1,0.029311187103077674,normal_delay,3
119.0,1545.37,0.07700421258339428,normal_delay,3
0.0,1386.96,0.0,normal_delay,3
6.0,614.1,0.009770395701025891,normal_delay,3
0.0,614.1,0.0,normal_delay,3
27.0,1428.24,0.018904385817509663,normal_delay,3
22.0,1407.6,0.01562944018186985,normal_delay,3
0.0,1029.96,0.0,normal_delay,3
0.0,820.73,0.0,normal_delay,3
9.0,614.1,0.014655593551538837,normal_delay,3
0.0,614.1,0.0,normal_delay,3
13.0,1428.24,0.00910211168991206,normal_delay,3
36.0,1407.6,0.025575447570332484,normal_delay,3
8.0,614.1,0.013027194268034522,normal_delay,3
0.0,610.17,0.0,normal_delay,3
0.0,610.17,0.0,normal_delay,3
0.0,610.17,0.0,normal_delay,3
0.0,614.1,0.0,normal_delay,3
62.0,882.44,0.07025973437287521,normal_delay,3
0.0,610.17,0.0,normal_delay,3
27.0,2196.24,0.012293738389247078,normal_delay,3
24.0,1407.6,0.017050298380221655,normal_delay,3
2.0,1289.6,0.0015508684863523574,normal_delay,3
47.0,882.44,0.05326141154072798,normal_delay,3
0.0,614.1,0.0,normal_delay,3
9.0,1407.6,0.006393861892583121,normal_delay,3
26.0,1518.24,0.01712509221203499,normal_delay,3
40.0,882.44,0.045328860885725936,normal_delay,3
0.0,589.53,0.0,normal_delay,3
0.0,614.1,0.0,normal_delay,3
71.0,1518.24,0.046764674886710926,normal_delay,3
1.0,882.44,0.0011332215221431484,normal_delay,3
80.0,3087.6,0.025910091980826534,normal_delay,3
23.0,1989.73,0.011559357299734134,normal_delay,3
0.0,247.93,0.0,normal_delay,3
28.0,820.73,0.03411596992920936,normal_delay,3
19.0,614.1,0.03093958638658199,normal_delay,3
66.0,2457.37,0.026857982314425585,normal_delay,3
42.0,614.1,0.06839276990718124,normal_delay,3
40.0,614.1,0.06513597134017261,normal_delay,3
15.0,614.1,0.024425989252564728,normal_delay,3
48.0,1545.37,0.031060522722713656,normal_delay,3
40.0,1017.17,0.03932479329905522,normal_delay,3
25.0,614.1,0.04070998208760788,normal_delay,3
26.0,614.1,0.0423383813711122,normal_delay,3
0.0,614.1,0.0,normal_delay,3
0.0,614.1,0.0,normal_delay,3
52.0,2952.96,0.017609449501517122,normal_delay,3
22.0,1683.8,0.01306568476066041,normal_delay,3
6.0,1769.96,0.0033899071165450064,normal_delay,3
10.0,614.1,0.016283992835043153,normal_delay,3
33.0,614.1,0.0537371763556424,normal_delay,3
20.0,614.1,0.03256798567008631,normal_delay,3
11.0,614.1,0.017912392118547466,normal_delay,3
0.0,589.53,0.0,normal_delay,3
30.0,614.1,0.048851978505129456,normal_delay,3
21.0,614.1,0.03419638495359062,normal_delay,3
17.0,614.1,0.027682787819573357,normal_delay,3
9.0,614.1,0.014655593551538837,normal_delay,3
12.0,610.17,0.019666650277791436,normal_delay,3
17.0,2151.6,0.007901096858152074,normal_delay,3
0.0,1386.96,0.0,normal_delay,3
31.0,614.1,0.05048037778863377,normal_delay,3
18.0,614.1,0.029311187103077674,normal_delay,3
4.0,614.1,0.006513597134017261,normal_delay,3
0.0,614.1,0.0,normal_delay,3
0.0,589.53,0.0,normal_delay,3
10.0,2172.24,0.0046035428866055324,normal_delay,3
0.0,614.1,0.0,normal_delay,3
0.0,614.1,0.0,normal_delay,3
54.0,2579.24,0.020936399869729068,normal_delay,3
1.0,816.8,0.0012242899118511264,normal_delay,3
1.0,614.1,0.0016283992835043153,normal_delay,3
0.0,614.1,0.0,normal_delay,3
0.0,614.1,0.0,normal_delay,3
0.0,1353.6,0.0,normal_delay,3
24.0,614.1,0.039081582804103565,normal_delay,3
0.0,1383.6,0.0,normal_delay,3
0.0,1332.96,0.0,normal_delay,3
6.0,614.1,0.009770395701025891,normal_delay,3
0.0,614.1,0.0,normal_delay,3
19.0,614.1,0.03093958638658199,normal_delay,3
0.0,796.16,0.0,normal_delay,3
38.0,1428.24,0.026606172632050635,normal_delay,3
0.0,996.53,0.0,normal_delay,3
0.0,614.1,0.0,normal_delay,3
2.0,2601.96,0.0007686513243862319,normal_delay,3
25.0,614.1,0.04070998208760788,normal_delay,3
0.0,614.1,0.0,normal_delay,3
47.0,2130.96,0.022055787063107707,normal_delay,3
0.0,1790.6,0.0,normal_delay,3
14.0,614.1,0.022797589969060412,normal_delay,3
0.0,614.1,0.0,normal_delay,3
11.0,443.3,0.024813895781637715,normal_delay,3
25.0,614.1,0.04070998208760788,normal_delay,3
33.0,443.3,0.07444168734491315,normal_delay,3
13.0,614.1,0.0211691906855561,normal_delay,3
0.0,816.8,0.0,normal_delay,3
6.0,614.1,0.009770395701025891,normal_delay,3
30.0,837.44,0.03582346197936569,normal_delay,3
7.0,610.17,0.011472212662045005,normal_delay,3
0.0,614.1,0.0,normal_delay,3
0.0,443.3,0.0,normal_delay,3
0.0,1582.36,0.0,normal_delay,3
4.0,2151.6,0.0018590816136828407,normal_delay,3
31.0,816.8,0.03795298726738492,normal_delay,3
0.0,589.53,0.0,normal_delay,3
0.0,614.1,0.0,normal_delay,3
50.0,614.1,0.08141996417521576,normal_delay,3
4.0,614.1,0.006513597134017261,normal_delay,3
3.0,610.17,0.004916662569447859,normal_delay,3
1.0,614.1,0.0016283992835043153,normal_delay,3
0.0,247.93,0.0,normal_delay,3
0.0,614.1,0.0,normal_delay,3
0.0,1268.96,0.0,normal_delay,3
33.0,614.1,0.0537371763556424,normal_delay,3
0.0,614.1,0.0,normal_delay,3
0.0,614.1,0.0,normal_delay,3
0.0,589.53,0.0,normal_delay,3
34.0,614.1,0.055365575639146715,normal_delay,3
0.0,614.1,0.0,normal_delay,3
0.0,614.1,0.0,normal_delay,3
0.0,614.1,0.0,normal_delay,3
3.0,3002.96,0.0009990143058848603,normal_delay,3
0.0,614.1,0.0,normal_delay,3
15.0,1476.96,0.010155996100097497,normal_delay,3
30.0,614.1,0.048851978505129456,normal_delay,3
0.0,589.53,0.0,normal_delay,3
0.0,614.1,0.0,normal_delay,3
53.0,614.1,0.0863051620257287,normal_delay,3
0.0,971.96,0.0,normal_delay,3
0.0,614.1,0.0,normal_delay,3
46.0,1794.53,0.02563345277036327,normal_delay,3
19.0,272.5,0.06972477064220184,normal_delay,3
6.0,272.5,0.022018348623853212,normal_delay,3
52.0,1815.17,0.028647454508393153,normal_delay,3
3.0,443.3,0.006767426122264832,normal_delay,3
0.0,614.1,0.0,normal_delay,3
11.0,1496.16,0.0073521548497486894,normal_delay,3
0.0,614.1,0.0,normal_delay,3
0.0,272.5,0.0,normal_delay,3
21.0,2154.96,0.009744960463303263,normal_delay,3
29.0,610.17,0.047527738171329305,normal_delay,3
0.0,589.53,0.0,normal_delay,3
0.0,614.1,0.0,normal_delay,3
24.0,992.6,0.024178924037880314,normal_delay,3
35.0,1374.24,0.025468622656886715,normal_delay,3
0.0,992.6,0.0,normal_delay,3
53.0,1497.6,0.035389957264957264,normal_delay,3
26.0,1733.96,0.014994578883019217,normal_delay,3
0.0,614.1,0.0,normal_delay,3
2.0,610.17,0.0032777750462985727,normal_delay,3
0.0,272.5,0.0,normal_delay,3
5.0,1407.6,0.0035521454958795115,normal_delay,3
0.0,610.17,0.0,normal_delay,3
0.0,1011.96,0.0,normal_delay,3
24.0,2175.6,0.011031439602868174,normal_delay,3
0.0,610.17,0.0,normal_delay,3
0.0,614.1,0.0,normal_delay,3
55.0,1811.24,0.030365937148031184,normal_delay,3
34.0,820.73,0.04142653491403994,normal_delay,3
0.0,796.16,0.0,normal_delay,3
0.0,272.5,0.0,normal_delay,3
0.0,610.17,0.0,normal_delay,3
11.0,3022.16,0.003639780819016862,normal_delay,3
30.0,1811.24,0.016563238444380644,normal_delay,3
16.0,820.73,0.019494839959548208,normal_delay,3
0.0,614.1,0.0,normal_delay,3
18.0,1790.6,0.010052496369931867,normal_delay,3
0.0,1386.96,0.0,normal_delay,3
0.0,589.53,0.0,normal_delay,3
57.0,3380.6,0.01686091226409513,normal_delay,3
0.0,1386.96,0.0,normal_delay,3
32.0,861.8,0.037131585054537015,normal_delay,3
34.0,614.1,0.055365575639146715,normal_delay,3
36.0,1794.53,0.020060963037675603,normal_delay,3
17.0,992.6,0.017126737860165223,normal_delay,3
29.0,614.1,0.047223579221625143,normal_delay,3
11.0,614.1,0.017912392118547466,normal_delay,3
9.0,614.1,0.014655593551538837,normal_delay,3
47.0,1374.24,0.03420072185353359,normal_delay,3
47.0,882.44,0.05326141154072798,normal_delay,3
44.0,861.8,0.0510559294499884,normal_delay,3
35.0,614.1,0.056993974922651035,normal_delay,3
26.0,614.1,0.0423383813711122,normal_delay,3
11.0,614.1,0.017912392118547466,normal_delay,3
41.0,820.73,0.04995552739634228,normal_delay,3
31.0,614.1,0.05048037778863377,normal_delay,3
12.0,861.8,0.013924344395451382,normal_delay,3
14.0,614.1,0.022797589969060412,normal_delay,3
0.0,614.1,0.0,normal_delay,3
33.0,841.37,0.039221745486527924,normal_delay,3
0.0,589.53,0.0,normal_delay,3
18.0,614.1,0.029311187103077674,normal_delay,3
20.0,1017.17,0.01966239664952761,normal_delay,3
39.0,614.1,0.0635075720566683,normal_delay,3
0.0,841.37,0.0,normal_delay,3
3.0,614.1,0.004885197850512946,normal_delay,3
0.0,589.53,0.0,normal_delay,3
1.0,614.1,0.0016283992835043153,normal_delay,3
22.0,1497.6,0.014690170940170942,normal_delay,3
28.0,882.44,0.031730202620008155,normal_delay,3
13.0,614.1,0.0211691906855561,normal_delay,3
0.0,589.53,0.0,normal_delay,3
0.0,614.1,0.0,normal_delay,3
2.0,614.1,0.0032567985670086306,normal_delay,3
37.0,3108.24,0.011903842689110237,normal_delay,3
34.0,996.53,0.03411839081613198,normal_delay,3
0.0,1383.6,0.0,normal_delay,3
18.0,268.57,0.06702163309379305,normal_delay,3
0.0,614.1,0.0,normal_delay,3
34.0,996.53,0.03411839081613198,normal_delay,3
25.0,996.53,0.02508705207068528,normal_delay,3
9.0,1032.6,0.008715862870424173,normal_delay,3
18.0,841.37,0.02139367935628796,normal_delay,3
8.0,1374.24,0.005821399464431249,normal_delay,3
36.0,837.44,0.04298815437523882,normal_delay,3
3.0,841.37,0.0035656132260479933,normal_delay,3
0.0,614.1,0.0,normal_delay,3
60.0,1428.24,0.04200974626113258,normal_delay,3
49.0,1310.24,0.037397728660398095,normal_delay,3
0.0,971.96,0.0,normal_delay,3
14.0,1017.17,0.013763677654669328,normal_delay,3
0.0,879.8,0.0,normal_delay,3
0.0,614.1,0.0,normal_delay,3
37.0,610.17,0.060638838356523596,normal_delay,3
0.0,996.53,0.0,normal_delay,3
33.0,614.1,0.0537371763556424,normal_delay,3
0.0,589.53,0.0,normal_delay,3
115.0,1545.37,0.0744158356898348,normal_delay,3
34.0,1289.6,0.026364764267990077,normal_delay,3
67.0,1428.24,0.04691088332493138,normal_delay,3
35.0,1428.24,0.024505685318994008,normal_delay,3
13.0,816.8,0.015915768854064642,normal_delay,3
35.0,1310.24,0.02671266332885578,normal_delay,3
80.0,3063.44,0.02611443344736636,normal_delay,3
0.0,1332.96,0.0,normal_delay,3
0.0,614.1,0.0,normal_delay,3
64.0,4022.8,0.015909316893705876,normal_delay,3
32.0,1520.8,0.021041557075223566,normal_delay,3
35.0,614.1,0.056993974922651035,normal_delay,3
28.0,614.1,0.045595179938120824,normal_delay,3
0.0,614.1,0.0,normal_delay,3
0.0,1769.96,0.0,normal_delay,3
5.0,1289.6,0.0038771712158808935,normal_delay,3
16.0,614.1,0.026054388536069045,normal_delay,3
9.0,614.1,0.014655593551538837,normal_delay,3
20.0,614.1,0.03256798567008631,normal_delay,3
29.0,443.3,0.06541845251522671,normal_delay,3
16.0,443.3,0.03609293931874577,normal_delay,3
15.0,614.1,0.024425989252564728,normal_delay,3
1.0,614.1,0.0016283992835043153,normal_delay,3
0.0,610.17,0.0,normal_delay,3
14.0,1428.24,0.009802274127597602,normal_delay,3
33.0,837.44,0.03940580817730225,normal_delay,3
17.0,614.1,0.027682787819573357,normal_delay,3
14.0,614.1,0.022797589969060412,normal_delay,3
0.0,614.1,0.0,normal_delay,3
47.0,2338.8,0.02009577561142466,normal_delay,3
9.0,2172.24,0.004143188597944979,normal_delay,3
6.0,1017.17,0.005898718994858283,normal_delay,3
4.0,614.1,0.006513597134017261,normal_delay,3
0.0,614.1,0.0,normal_delay,3
12.0,614.1,0.019540791402051783,normal_delay,3
32.0,1794.53,0.017831967144600537,normal_delay,3
2.0,1407.6,0.0014208581983518045,normal_delay,3
0.0,1268.96,0.0,normal_delay,3
24.0,1017.17,0.023594875979433133,normal_delay,3
3.0,614.1,0.004885197850512946,normal_delay,3
0.0,614.1,0.0,normal_delay,3
70.0,1838.13,0.038082181347347574,normal_delay,3
36.0,614.1,0.05862237420615535,normal_delay,3
27.0,614.1,0.04396678065461651,normal_delay,3
0.0,1383.6,0.0,normal_delay,3
35.0,614.1,0.056993974922651035,normal_delay,3
14.0,1407.6,0.009946007388462632,normal_delay,3
0.0,1383.6,0.0,normal_delay,3
0.0,1353.6,0.0,normal_delay,3
21.0,614.1,0.03419638495359062,normal_delay,3
37.0,1794.53,0.02061821201094437,normal_delay,3
0.0,1582.36,0.0,normal_delay,3
41.0,614.1,0.06676437062367692,normal_delay,3
10.0,614.1,0.016283992835043153,normal_delay,3
40.0,614.1,0.06513597134017261,normal_delay,3
13.0,614.1,0.0211691906855561,normal_delay,3
35.0,272.5,0.12844036697247707,normal_delay,3
0.0,614.1,0.0,normal_delay,3
48.0,614.1,0.07816316560820713,normal_delay,3
31.0,614.1,0.05048037778863377,normal_delay,3
11.0,614.1,0.017912392118547466,normal_delay,3
13.0,614.1,0.0211691906855561,normal_delay,3
4.0,614.1,0.006513597134017261,normal_delay,3
14.0,272.5,0.05137614678899083,normal_delay,3
10.0,272.5,0.03669724770642202,normal_delay,3
23.0,1407.6,0.016339869281045753,normal_delay,3
0.0,1790.6,0.0,normal_delay,3
18.0,614.1,0.029311187103077674,normal_delay,3
2.0,614.1,0.0032567985670086306,normal_delay,3
0.0,614.1,0.0,normal_delay,3
0.0,614.1,0.0,normal_delay,3
0.0,272.5,0.0,normal_delay,3
0.0,1794.53,0.0,normal_delay,3
44.0,614.1,0.07164956847418986,normal_delay,3
1.0,614.1,0.0016283992835043153,normal_delay,3
0.0,614.1,0.0,normal_delay,3
36.0,614.1,0.05862237420615535,normal_delay,3
18.0,614.1,0.029311187103077674,normal_delay,3
0.0,589.53,0.0,normal_delay,3
23.0,268.57,0.08563875339762446,normal_delay,3
0.0,614.1,0.0,normal_delay,3
0.0,614.1,0.0,normal_delay,3
19.0,1769.96,0.010734705869059188,normal_delay,3
42.0,1496.16,0.028071863971767724,normal_delay,3
35.0,610.17,0.05736106331022502,normal_delay,3
0.0,614.1,0.0,normal_delay,3
0.0,272.5,0.0,normal_delay,3
34.0,614.1,0.055365575639146715,normal_delay,3
0.0,614.1,0.0,normal_delay,3
27.0,610.17,0.04424996312503073,normal_delay,3
0.0,614.1,0.0,normal_delay,3
163.0,3066.96,0.0531470902783212,normal_delay,3
32.0,820.73,0.038989679919096416,normal_delay,3
0.0,614.1,0.0,normal_delay,3
0.0,614.1,0.0,normal_delay,3
0.0,614.1,0.0,normal_delay,3
0.0,614.1,0.0,normal_delay,3
0.0,1769.96,0.0,normal_delay,3
24.0,610.17,0.03933330055558287,normal_delay,3
12.0,820.73,0.014621129969661155,normal_delay,3
0.0,614.1,0.0,normal_delay,3
0.0,614.1,0.0,normal_delay,3
36.0,1500.16,0.023997440273037542,normal_delay,3
45.0,1854.6,0.024263992235522485,normal_delay,3
0.0,614.1,0.0,normal_delay,3
0.0,614.1,0.0,normal_delay,3
21.0,820.73,0.025586977446907022,normal_delay,3
14.0,610.17,0.02294442532409001,normal_delay,3
0.0,589.53,0.0,normal_delay,3
102.0,2455.93,0.041532128358707295,normal_delay,3
54.0,1733.96,0.031142586910886064,normal_delay,3
42.0,1496.16,0.028071863971767724,normal_delay,3
0.0,614.1,0.0,normal_delay,3
0.0,614.1,0.0,normal_delay,3
0.0,614.1,0.0,normal_delay,3
0.0,1332.96,0.0,normal_delay,3
1.0,820.73,0.001218427497471763,normal_delay,3
6.0,610.17,0.009833325138895718,normal_delay,3
0.0,841.16,0.0,normal_delay,3
0.0,268.57,0.0,normal_delay,3
0.0,247.93,0.0,normal_delay,3
155.0,4045.93,0.0383101042281997,normal_delay,3
24.0,1500.16,0.01599829351535836,normal_delay,3
4.0,610.17,0.0065555500925971455,normal_delay,3
0.0,589.53,0.0,normal_delay,3
4.0,610.17,0.0065555500925971455,normal_delay,3
0.0,614.1,0.0,normal_delay,3
82.0,1815.17,0.045174832109389204,normal_delay,3
0.0,1386.96,0.0,normal_delay,3
1.0,1032.6,0.000968429207824908,normal_delay,3
52.0,1815.17,0.028647454508393153,normal_delay,3
21.0,2175.6,0.009652509652509652,normal_delay,3
18.0,614.1,0.029311187103077674,normal_delay,3
7.0,1353.6,0.005171394799054374,normal_delay,3
3.0,861.8,0.0034810860988628454,normal_delay,3
40.0,614.1,0.06513597134017261,normal_delay,3
23.0,614.1,0.03745318352059925,normal_delay,3
84.0,1815.17,0.04627665728278894,normal_delay,3
0.0,816.8,0.0,normal_delay,3
0.0,1032.6,0.0,normal_delay,3
15.0,614.1,0.024425989252564728,normal_delay,3
9.0,614.1,0.014655593551538837,normal_delay,3
0.0,614.1,0.0,normal_delay,3
124.0,3359.96,0.03690520125239586,normal_delay,3
47.0,1815.17,0.02589289157489381,normal_delay,3
25.0,1815.17,0.013772814667496708,normal_delay,3
7.0,1383.6,0.00505926568372362,normal_delay,3
0.0,614.1,0.0,normal_delay,3
0.0,614.1,0.0,normal_delay,3
2.0,1032.6,0.001936858415649816,normal_delay,3
16.0,610.17,0.026222200370388582,normal_delay,3
22.0,2154.96,0.010209006199651037,normal_delay,3
0.0,2175.6,0.0,normal_delay,3
24.0,820.73,0.02924225993932231,normal_delay,3
11.0,841.37,0.013073915162175974,normal_delay,3
0.0,589.53,0.0,normal_delay,3
0.0,247.93,0.0,normal_delay,3
0.0,1362.96,0.0,normal_delay,3
0.0,996.53,0.0,normal_delay,3
0.0,1362.96,0.0,normal_delay,3
1.0,1353.6,0.0007387706855791963,normal_delay,3
6.0,610.17,0.009833325138895718,normal_delay,3
0.0,882.44,0.0,normal_delay,3
3.0,610.17,0.004916662569447859,normal_delay,3
0.0,1353.6,0.0,normal_delay,3
0.0,1353.6,0.0,normal_delay,3
77.0,1773.8,0.043409629044988164,normal_delay,3
28.0,992.6,0.028208744710860365,normal_delay,3
69.0,2172.24,0.03176444591757817,normal_delay,3
34.0,2175.6,0.015627872770729915,normal_delay,3
95.0,1545.37,0.06147395122203744,normal_delay,3
0.0,796.16,0.0,normal_delay,3
3.0,1383.6,0.0021682567215958373,normal_delay,3
0.0,879.8,0.0,normal_delay,3
163.0,2476.57,0.06581683538119253,normal_delay,3
133.0,2583.17,0.051487126282823044,normal_delay,3
17.0,1374.24,0.012370473861916404,normal_delay,3
19.0,1053.24,0.01803957312673275,normal_delay,3
19.0,1013.24,0.018751727132762228,normal_delay,3
14.0,1090.44,0.012838854040570778,normal_delay,3
34.0,614.1,0.055365575639146715,normal_delay,3
19.0,443.3,0.0428603654410106,normal_delay,3
37.0,614.1,0.06025077348965966,normal_delay,3
6.0,443.3,0.013534852244529664,normal_delay,3
0.0,1032.6,0.0,normal_delay,3
28.0,1545.37,0.0181186382549163,normal_delay,3
50.0,1017.17,0.04915599162381903,normal_delay,3
29.0,614.1,0.047223579221625143,normal_delay,3
15.0,614.1,0.024425989252564728,normal_delay,3
39.0,614.1,0.0635075720566683,normal_delay,3
20.0,1017.17,0.01966239664952761,normal_delay,3
0.0,614.1,0.0,normal_delay,3
0.0,589.53,0.0,normal_delay,3
0.0,614.1,0.0,normal_delay,3
0.0,614.1,0.0,normal_delay,3
27.0,1794.53,0.015045722278256703,normal_delay,3
40.0,1815.17,0.022036503467994732,normal_delay,3
44.0,1017.17,0.043257272628960744,normal_delay,3
16.0,1428.24,0.011202599002968688,normal_delay,3
0.0,443.3,0.0,normal_delay,3
0.0,1353.6,0.0,normal_delay,3
0.0,1289.6,0.0,normal_delay,3
25.0,614.1,0.04070998208760788,normal_delay,3
0.0,996.53,0.0,normal_delay,3
0.0,1374.24,0.0,normal_delay,3
25.0,614.1,0.04070998208760788,normal_delay,3
0.0,614.1,0.0,normal_delay,3
29.0,2175.6,0.013329656186799044,normal_delay,3
107.0,3384.53,0.03161443390958272,normal_delay,3
24.0,443.3,0.054139408978118655,normal_delay,3
0.0,614.1,0.0,normal_delay,3
16.0,614.1,0.026054388536069045,normal_delay,3
36.0,1815.17,0.01983285312119526,normal_delay,3
30.0,1013.24,0.029607990209624572,normal_delay,3
3.0,614.1,0.004885197850512946,normal_delay,3
42.0,3359.96,0.012500148811295372,normal_delay,3
55.0,2201.6,0.02498183139534884,normal_delay,3
13.0,614.1,0.0211691906855561,normal_delay,3
6.0,614.1,0.009770395701025891,normal_delay,3
0.0,614.1,0.0,normal_delay,3
77.0,3384.53,0.022750573934933356,normal_delay,3
10.0,614.1,0.016283992835043153,normal_delay,3
4.0,268.57,0.014893696243065123,normal_delay,3
122.0,3405.17,0.03582787349823944,normal_delay,3
83.0,1813.56,0.04576633803127551,normal_delay,3
34.0,1754.6,0.019377635928416733,normal_delay,3
0.0,614.1,0.0,normal_delay,3
0.0,272.5,0.0,normal_delay,3
28.0,2562.53,0.010926701345935461,normal_delay,3
0.0,1289.6,0.0,normal_delay,3
31.0,841.37,0.03684467000249593,normal_delay,3
9.0,614.1,0.014655593551538837,normal_delay,3
136.0,2455.93,0.05537617114494306,normal_delay,3
59.0,2558.6,0.023059485656218244,normal_delay,3
30.0,614.1,0.048851978505129456,normal_delay,3
7.0,614.1,0.011398794984530206,normal_delay,3
7.0,614.1,0.011398794984530206,normal_delay,3
27.0,272.5,0.09908256880733946,normal_delay,3
0.0,614.1,0.0,normal_delay,3
60.0,2222.24,0.026999784001727988,normal_delay,3
71.0,1500.16,0.04732828498293515,normal_delay,3
5.0,1013.24,0.004934665034937428,normal_delay,3
34.0,1854.6,0.01833279413350588,normal_delay,3
0.0,272.5,0.0,normal_delay,3
0.0,614.1,0.0,normal_delay,3
38.0,610.17,0.06227772587967288,normal_delay,3
45.0,614.1,0.07327796775769418,normal_delay,3
5.0,841.37,0.0059426887100799885,normal_delay,3
0.0,614.1,0.0,normal_delay,3
18.0,1496.16,0.01203079884504331,normal_delay,3
41.0,610.17,0.06719438844912075,normal_delay,3
0.0,614.1,0.0,normal_delay,3
0.0,614.1,0.0,normal_delay,3
41.0,614.1,0.06676437062367692,normal_delay,3
30.0,614.1,0.048851978505129456,normal_delay,3
23.0,614.1,0.03745318352059925,normal_delay,3
3.0,614.1,0.004885197850512946,normal_delay,3
47.0,1497.6,0.03138354700854701,normal_delay,3
0.0,1407.6,0.0,normal_delay,3
36.0,610.17,0.05899995083337431,normal_delay,3
50.0,614.1,0.08141996417521576,normal_delay,3
0.0,614.1,0.0,normal_delay,3
0.0,589.53,0.0,normal_delay,3
33.0,1854.6,0.017793594306049824,normal_delay,3
32.0,610.17,0.052444400740777164,normal_delay,3
0.0,614.1,0.0,normal_delay,3
36.0,610.17,0.05899995083337431,normal_delay,3
38.0,614.1,0.06187917277316398,normal_delay,3
37.0,614.1,0.06025077348965966,normal_delay,3
24.0,614.1,0.039081582804103565,normal_delay,3
0.0,272.5,0.0,normal_delay,3
28.0,614.1,0.045595179938120824,normal_delay,3
0.0,820.73,0.0,normal_delay,3
0.0,614.1,0.0,normal_delay,3
39.0,820.73,0.04751867240139875,normal_delay,3
29.0,610.17,0.047527738171329305,normal_delay,3
28.0,614.1,0.045595179938120824,normal_delay,3
21.0,614.1,0.03419638495359062,normal_delay,3
10.0,614.1,0.016283992835043153,normal_delay,3
0.0,614.1,0.0,normal_delay,3
67.0,2298.96,0.02914361276403243,normal_delay,3
0.0,614.1,0.0,normal_delay,3
74.0,3087.6,0.02396683508226454,normal_delay,3
38.0,614.1,0.06187917277316398,normal_delay,3
25.0,996.53,0.02508705207068528,normal_delay,3
43.0,614.1,0.07002116919068556,normal_delay,3
0.0,247.93,0.0,normal_delay,3
69.0,2412.16,0.028605067657203505,normal_delay,3
0.0,589.53,0.0,normal_delay,3
0.0,614.1,0.0,normal_delay,3
0.0,614.1,0.0,normal_delay,3
94.0,2562.53,0.03668249737564048,normal_delay,3
13.0,1733.96,0.007497289441509608,normal_delay,3
40.0,614.1,0.06513597134017261,normal_delay,3
19.0,614.1,0.03093958638658199,normal_delay,3
0.0,1769.96,0.0,normal_delay,3
35.0,614.1,0.056993974922651035,normal_delay,3
22.0,614.1,0.03582478423709493,normal_delay,3
0.0,614.1,0.0,normal_delay,3
21.0,614.1,0.03419638495359062,normal_delay,3
3.0,614.1,0.004885197850512946,normal_delay,3
0.0,589.53,0.0,normal_delay,3
3.0,2558.6,0.0011725162198077074,normal_delay,3
31.0,614.1,0.05048037778863377,normal_delay,3
8.0,614.1,0.013027194268034522,normal_delay,3
0.0,614.1,0.0,normal_delay,3
8.0,614.1,0.013027194268034522,normal_delay,3
2.0,614.1,0.0032567985670086306,normal_delay,3
0.0,614.1,0.0,normal_delay,3
0.0,589.53,0.0,normal_delay,3
0.0,614.1,0.0,normal_delay,3
0.0,614.1,0.0,normal_delay,3
0.0,614.1,0.0,normal_delay,3
0.0,589.53,0.0,normal_delay,3
200.0,3681.37,0.054327600865981956,normal_delay,3
41.0,614.1,0.06676437062367692,normal_delay,3
25.0,614.1,0.04070998208760788,normal_delay,3
28.0,614.1,0.045595179938120824,normal_delay,3
0.0,614.1,0.0,normal_delay,3
0.0,614.1,0.0,normal_delay,3
0.0,614.1,0.0,normal_delay,3
0.0,614.1,0.0,normal_delay,3
0.0,614.1,0.0,normal_delay,3
110.0,3270.44,0.03363461797189369,normal_delay,3
24.0,614.1,0.039081582804103565,normal_delay,3
0.0,1289.6,0.0,normal_delay,3
19.0,614.1,0.03093958638658199,normal_delay,3
7.0,2130.96,0.003284904456207531,normal_delay,3
14.0,1683.8,0.008314526665874808,normal_delay,3
12.0,614.1,0.019540791402051783,normal_delay,3
0.0,1332.96,0.0,normal_delay,3
2.0,614.1,0.0032567985670086306,normal_delay,3
0.0,614.1,0.0,normal_delay,3
0.0,996.53,0.0,normal_delay,3
0.0,996.53,0.0,normal_delay,3
4.0,614.1,0.006513597134017261,normal_delay,3
0.0,614.1,0.0,normal_delay,3
0.0,614.1,0.0,normal_delay,3
29.0,1583.8,0.01831039272635434,normal_delay,3
42.0,841.37,0.0499185851646719,normal_delay,3
0.0,1794.53,0.0,normal_delay,3
29.0,820.73,0.035334397426681124,normal_delay,3
0.0,589.53,0.0,normal_delay,3
92.0,2457.37,0.03743839958980536,normal_delay,3
83.0,1839.57,0.04511923982234979,normal_delay,3
0.0,1794.53,0.0,normal_delay,3
52.0,1545.37,0.033648899616273126,normal_delay,3
19.0,820.73,0.023150122451963497,normal_delay,3
0.0,614.1,0.0,normal_delay,3
0.0,996.53,0.0,normal_delay,3
0.0,971.96,0.0,normal_delay,3
137.0,1839.57,0.07447392597183038,normal_delay,3
28.0,1032.6,0.027116017819097428,normal_delay,3
2.0,1383.6,0.0014455044810638914,normal_delay,3
0.0,589.53,0.0,normal_delay,3
12.0,1353.6,0.008865248226950355,normal_delay,3
0.0,1386.96,0.0,normal_delay,3
0.0,614.1,0.0,normal_delay,3
97.0,2029.57,0.04779337495134438,normal_delay,3
15.0,1815.17,0.008263688800498025,normal_delay,3
40.0,2175.6,0.01838573267144696,normal_delay,3
0.0,589.53,0.0,normal_delay,3
0.0,589.53,0.0,normal_delay,3
39.0,1524.73,0.025578299108694653,normal_delay,3
40.0,816.8,0.04897159647404506,normal_delay,3
15.0,1353.6,0.011081560283687944,normal_delay,3
32.0,443.3,0.07218587863749154,normal_delay,3
0.0,589.53,0.0,normal_delay,3
0.0,589.53,0.0,normal_delay,3
53.0,610.17,0.08686103872691218,normal_delay,3
30.0,1017.17,0.029493594974291416,normal_delay,3
0.0,1383.6,0.0,normal_delay,3
35.0,443.3,0.07895330475975637,normal_delay,3
39.0,1404.24,0.027773030251239103,normal_delay,3
28.0,1013.24,0.0276341241956496,normal_delay,3
8.0,443.3,0.018046469659372885,normal_delay,3
149.0,3405.17,0.04375699304293178,normal_delay,3
34.0,1017.17,0.03342607430419694,normal_delay,3
42.0,610.17,0.06883327597227003,normal_delay,3
0.0,614.1,0.0,normal_delay,3
0.0,1332.96,0.0,normal_delay,3
24.0,1407.6,0.017050298380221655,normal_delay,3
19.0,1017.17,0.01867927681705123,normal_delay,3
0.0,899.0,0.0,normal_delay,3
0.0,589.53,0.0,normal_delay,3
0.0,614.1,0.0,normal_delay,3
40.0,610.17,0.06555550092597145,normal_delay,3
0.0,614.1,0.0,normal_delay,3
0.0,443.3,0.0,normal_delay,3
55.0,1516.8,0.03626054852320675,normal_delay,3
31.0,610.17,0.05080551321762788,normal_delay,3
43.0,1545.37,0.027825051605764317,normal_delay,3
0.0,1332.96,0.0,normal_delay,3
0.0,971.96,0.0,normal_delay,3
0.0,1332.96,0.0,normal_delay,3
10.0,900.44,0.011105681666740704,normal_delay,3
22.0,610.17,0.0360555255092843,normal_delay,3
24.0,272.5,0.08807339449541285,normal_delay,3
0.0,247.93,0.0,normal_delay,3
122.0,2583.17,0.04722879253010835,normal_delay,3
24.0,1476.96,0.016249593760155997,normal_delay,3
34.0,272.5,0.12477064220183487,normal_delay,3
35.0,1516.8,0.02307489451476793,normal_delay,3
36.0,614.1,0.05862237420615535,normal_delay,3
22.0,614.1,0.03582478423709493,normal_delay,3
43.0,272.5,0.1577981651376147,normal_delay,3
15.0,614.1,0.024425989252564728,normal_delay,3
0.0,589.53,0.0,normal_delay,3
43.0,614.1,0.07002116919068556,normal_delay,3
40.0,614.1,0.06513597134017261,normal_delay,3
33.0,614.1,0.0537371763556424,normal_delay,3
5.0,614.1,0.008141996417521577,normal_delay,3
4.0,614.1,0.006513597134017261,normal_delay,3
0.0,614.1,0.0,normal_delay,3
2.0,268.57,0.007446848121532562,normal_delay,3
13.0,1353.6,0.00960401891252955,normal_delay,3
30.0,1289.6,0.02326302729528536,normal_delay,3
28.0,614.1,0.045595179938120824,normal_delay,3
17.0,610.17,0.02786108789353787,normal_delay,3
99.0,2583.17,0.03832500377443219,normal_delay,3
73.0,2476.57,0.02947625142838684,normal_delay,3
26.0,614.1,0.0423383813711122,normal_delay,3
2.0,610.17,0.0032777750462985727,normal_delay,3
4.0,1353.6,0.0029550827423167852,normal_delay,3
8.0,614.1,0.013027194268034522,normal_delay,3
6.0,614.1,0.009770395701025891,normal_delay,3
34.0,1476.96,0.02302025782688766,normal_delay,3
0.0,1374.24,0.0,normal_delay,3
0.0,614.1,0.0,normal_delay,3
0.0,247.93,0.0,normal_delay,3
0.0,614.1,0.0,normal_delay,3
30.0,614.1,0.048851978505129456,normal_delay,3
40.0,1428.24,0.02800649750742172,normal_delay,3
17.0,614.1,0.027682787819573357,normal_delay,3
27.0,1811.24,0.01490691459994258,normal_delay,3
0.0,1476.96,0.0,normal_delay,3
0.0,992.6,0.0,normal_delay,3
2.0,816.8,0.002448579823702253,normal_delay,3
6.0,614.1,0.009770395701025891,normal_delay,3
0.0,272.5,0.0,normal_delay,3
33.0,614.1,0.0537371763556424,normal_delay,3
4.0,614.1,0.006513597134017261,normal_delay,3
0.0,589.53,0.0,normal_delay,3
13.0,1407.6,0.00923557828928673,normal_delay,3
6.0,614.1,0.009770395701025891,normal_delay,3
38.0,2537.96,0.0149726552033917,normal_delay,3
4.0,1407.6,0.002841716396703609,normal_delay,3
31.0,996.53,0.031107944567649745,normal_delay,3
19.0,614.1,0.03093958638658199,normal_delay,3
0.0,614.1,0.0,normal_delay,3
0.0,614.1,0.0,normal_delay,3
30.0,614.1,0.048851978505129456,normal_delay,3
31.0,614.1,0.05048037778863377,normal_delay,3
11.0,614.1,0.017912392118547466,normal_delay,3
0.0,614.1,0.0,normal_delay,3
41.0,614.1,0.06676437062367692,normal_delay,3
21.0,614.1,0.03419638495359062,normal_delay,3
34.0,614.1,0.055365575639146715,normal_delay,3
0.0,614.1,0.0,normal_delay,3
56.0,1603.0,0.034934497816593885,normal_delay,3
0.0,971.96,0.0,normal_delay,3
0.0,820.73,0.0,normal_delay,3
8.0,614.1,0.013027194268034522,normal_delay,3
0.0,614.1,0.0,normal_delay,3
0.0,614.1,0.0,normal_delay,3
0.0,614.1,0.0,normal_delay,3
29.0,1582.36,0.018327055790085697,normal_delay,3
45.0,614.1,0.07327796775769418,normal_delay,3
26.0,614.1,0.0423383813711122,normal_delay,3
17.0,614.1,0.027682787819573357,normal_delay,3
0.0,614.1,0.0,normal_delay,3
0.0,268.57,0.0,normal_delay,3
21.0,614.1,0.03419638495359062,normal_delay,3
32.0,614.1,0.05210877707213809,normal_delay,3
0.0,614.1,0.0,normal_delay,3
0.0,1404.24,0.0,normal_delay,3
3.0,614.1,0.004885197850512946,normal_delay,3
45.0,2601.96,0.017294654798690218,normal_delay,3
9.0,614.1,0.014655593551538837,normal_delay,3
0.0,614.1,0.0,normal_delay,3
13.0,1603.0,0.008109794135995009,normal_delay,3
49.0,614.1,0.07979156489171145,normal_delay,3
35.0,614.1,0.056993974922651035,normal_delay,3
27.0,610.17,0.04424996312503073,normal_delay,3
26.0,614.1,0.0423383813711122,normal_delay,3
8.0,614.1,0.013027194268034522,normal_delay,3
0.0,614.1,0.0,normal_delay,3
0.0,1289.6,0.0,normal_delay,3
31.0,614.1,0.05048037778863377,normal_delay,3
21.0,614.1,0.03419638495359062,normal_delay,3
0.0,614.1,0.0,normal_delay,3
8.0,614.1,0.013027194268034522,normal_delay,3
1.0,614.1,0.0016283992835043153,normal_delay,3
0.0,589.53,0.0,normal_delay,3
75.0,1704.44,0.04400272230175307,normal_delay,3
0.0,1332.96,0.0,normal_delay,3
16.0,614.1,0.026054388536069045,normal_delay,3
5.0,614.1,0.008141996417521577,normal_delay,3
0.0,614.1,0.0,normal_delay,3
0.0,614.1,0.0,normal_delay,3
0.0,614.1,0.0,normal_delay,3
0.0,614.1,0.0,normal_delay,3
124.0,2222.24,0.055799553603571174,normal_delay,3
29.0,2558.6,0.011334323458141171,normal_delay,3
49.0,614.1,0.07979156489171145,normal_delay,3
31.0,614.1,0.05048037778863377,normal_delay,3
74.0,1704.44,0.04341601933772969,normal_delay,3
41.0,841.37,0.04873004742265591,normal_delay,3
0.0,996.53,0.0,normal_delay,3
23.0,614.1,0.03745318352059925,normal_delay,3
35.0,2151.6,0.016266964119724857,normal_delay,3
25.0,841.37,0.029713443550399943,normal_delay,3
0.0,614.1,0.0,normal_delay,3
122.0,3677.44,0.03317525234946049,normal_delay,3
36.0,2154.96,0.01670564650851988,normal_delay,3
2.0,820.73,0.002436854994943526,normal_delay,3
0.0,589.53,0.0,normal_delay,3
81.0,2457.37,0.032962069204067766,normal_delay,3
30.0,2562.53,0.01170718001350228,normal_delay,3
5.0,1520.8,0.003287743293003682,normal_delay,3
95.0,2457.37,0.0386592169677338,normal_delay,3
0.0,971.96,0.0,normal_delay,3
0.0,614.1,0.0,normal_delay,3
0.0,589.53,0.0,normal_delay,3
60.0,2130.96,0.028156323910350264,normal_delay,3
4.0,2562.53,0.0015609573351336374,normal_delay,3
0.0,614.1,0.0,normal_delay,3
88.0,2201.6,0.03997093023255814,normal_delay,3
57.0,2025.64,0.028139254754053038,normal_delay,3
0.0,589.53,0.0,normal_delay,3
0.0,614.1,0.0,normal_delay,3
0.0,614.1,0.0,normal_delay,3
94.0,3384.53,0.027773427920567993,normal_delay,3
44.0,2175.6,0.020224305938591654,normal_delay,3
118.0,3274.0,0.03604153940134392,normal_delay,3
0.0,820.73,0.0,normal_delay,3
0.0,589.53,0.0,normal_delay,3
32.0,1790.6,0.017871104657656654,normal_delay,3
0.0,1332.96,0.0,normal_delay,3
49.0,1794.53,0.02730519969016957,normal_delay,3
39.0,614.1,0.0635075720566683,normal_delay,3
0.0,589.53,0.0,normal_delay,3
82.0,2562.53,0.031999625370239565,normal_delay,3
110.0,2562.53,0.04292632671617503,normal_delay,3
32.0,443.3,0.07218587863749154,normal_delay,3
0.0,589.53,0.0,normal_delay,3
162.0,3279.37,0.04939973226564859,normal_delay,3
0.0,1386.96,0.0,normal_delay,3
42.0,443.3,0.09474396571170765,normal_delay,3
3.0,1794.53,0.0016717469198063003,normal_delay,3
31.0,614.1,0.05048037778863377,normal_delay,3
9.0,614.1,0.014655593551538837,normal_delay,3
2.0,610.17,0.0032777750462985727,normal_delay,3
137.0,3405.17,0.04023293991195741,normal_delay,3
49.0,2154.96,0.022738241081040948,normal_delay,3
19.0,614.1,0.03093958638658199,normal_delay,3
13.0,614.1,0.0211691906855561,normal_delay,3
17.0,1032.6,0.016463296533023437,normal_delay,3
15.0,614.1,0.024425989252564728,normal_delay,3
100.0,3380.6,0.029580547831745845,normal_delay,3
2.0,2151.6,0.0009295408068414204,normal_delay,3
0.0,1011.96,0.0,normal_delay,3
117.0,5000.53,0.023397519862894536,normal_delay,3
11.0,992.6,0.011082006850695143,normal_delay,3
0.0,816.8,0.0,normal_delay,3
0.0,614.1,0.0,normal_delay,3
0.0,614.1,0.0,normal_delay,3
83.0,2318.16,0.035804258549884393,normal_delay,3
13.0,992.6,0.01309691718718517,normal_delay,3
0.0,589.53,0.0,normal_delay,3
57.0,1733.96,0.032872730628157515,normal_delay,3
60.0,1790.6,0.03350832123310622,normal_delay,3
0.0,1268.96,0.0,normal_delay,3
45.0,443.3,0.10151139183397248,normal_delay,3
0.0,614.1,0.0,normal_delay,3
0.0,589.53,0.0,normal_delay,3
40.0,1383.6,0.028910089621277828,normal_delay,3
27.0,1790.6,0.015078744554897801,normal_delay,3
68.0,2994.24,0.02271027038580742,normal_delay,3
3.0,272.5,0.011009174311926606,normal_delay,3
79.0,2558.6,0.030876260454936296,normal_delay,3
0.0,1362.96,0.0,normal_delay,3
0.0,1268.96,0.0,normal_delay,3
0.0,589.53,0.0,normal_delay,3
9.0,272.5,0.03302752293577982,normal_delay,3
99.0,2151.6,0.04601226993865031,normal_delay,3
27.0,1815.17,0.014874639840896445,normal_delay,3
31.0,272.5,0.11376146788990826,normal_delay,3
0.0,589.53,0.0,normal_delay,3
30.0,2151.6,0.013943112102621306,normal_delay,3
0.0,841.16,0.0,normal_delay,3
27.0,268.57,0.10053244964068958,normal_delay,3
0.0,614.1,0.0,normal_delay,3
83.0,2319.6,0.035782031384721504,normal_delay,3
0.0,589.53,0.0,normal_delay,3
0.0,614.1,0.0,normal_delay,3
0.0,899.0,0.0,normal_delay,3
0.0,272.5,0.0,normal_delay,3
28.0,2973.6,0.009416195856873824,normal_delay,3
39.0,2455.93,0.015879931431270436,normal_delay,3
0.0,247.93,0.0,normal_delay,3
46.0,1407.6,0.032679738562091505,normal_delay,3
56.0,1428.24,0.03920909651039041,normal_delay,3
14.0,614.1,0.022797589969060412,normal_delay,3
16.0,1537.44,0.010406910188365074,normal_delay,3
21.0,1497.6,0.014022435897435898,normal_delay,3
40.0,1407.6,0.028417163967036092,normal_delay,3
59.0,2220.8,0.026567002881844378,normal_delay,3
87.0,2220.8,0.03917507204610951,normal_delay,3
62.0,1428.24,0.04341007113650367,normal_delay,3
0.0,1386.96,0.0,normal_delay,3
0.0,1404.24,0.0,normal_delay,3
27.0,614.1,0.04396678065461651,normal_delay,3
13.0,614.1,0.0211691906855561,normal_delay,3
37.0,996.53,0.037128837064614215,normal_delay,3
31.0,996.53,0.031107944567649745,normal_delay,3
0.0,899.0,0.0,normal_delay,3
0.0,614.1,0.0,normal_delay,3
36.0,1545.37,0.02329539204203524,normal_delay,3
24.0,614.1,0.039081582804103565,normal_delay,3
26.0,614.1,0.0423383813711122,normal_delay,3
0.0,820.73,0.0,normal_delay,3
88.0,1524.73,0.057715136450387935,normal_delay,3
39.0,1428.24,0.02730633506973618,normal_delay,3
5.0,610.17,0.008194437615746432,normal_delay,3
0.0,614.1,0.0,normal_delay,3
0.0,589.53,0.0,normal_delay,3
23.0,1545.37,0.01488316713796696,normal_delay,3
0.0,589.53,0.0,normal_delay,3
4.0,1407.6,0.002841716396703609,normal_delay,3
21.0,614.1,0.03419638495359062,normal_delay,3
83.0,1524.73,0.054435867333888624,normal_delay,3
0.0,1428.24,0.0,normal_delay,3
40.0,614.1,0.06513597134017261,normal_delay,3
0.0,614.1,0.0,normal_delay,3
45.0,2175.6,0.020683949255377827,normal_delay,3
75.0,1524.73,0.04918903674748972,normal_delay,3
14.0,1769.96,0.007909783271938349,normal_delay,3
28.0,614.1,0.045595179938120824,normal_delay,3
9.0,614.1,0.014655593551538837,normal_delay,3
0.0,614.1,0.0,normal_delay,3
0.0,614.1,0.0,normal_delay,3
43.0,614.1,0.07002116919068556,normal_delay,3
35.0,614.1,0.056993974922651035,normal_delay,3
15.0,861.8,0.017405430494314228,normal_delay,3
0.0,589.53,0.0,normal_delay,3
36.0,614.1,0.05862237420615535,normal_delay,3
0.0,1353.6,0.0,normal_delay,3
33.0,614.1,0.0537371763556424,normal_delay,3
4.0,1017.17,0.003932479329905522,normal_delay,3
0.0,2175.6,0.0,normal_delay,3
29.0,614.1,0.047223579221625143,normal_delay,3
15.0,614.1,0.024425989252564728,normal_delay,3
8.0,614.1,0.013027194268034522,normal_delay,3
0.0,614.1,0.0,normal_delay,3
42.0,1545.37,0.02717795738237445,normal_delay,3
37.0,1050.6,0.035217970683419,normal_delay,3
35.0,614.1,0.056993974922651035,normal_delay,3
0.0,614.1,0.0,normal_delay,3
67.0,1518.24,0.04413004531562862,normal_delay,3
30.0,1603.0,0.018714909544603867,normal_delay,3
25.0,614.1,0.04070998208760788,normal_delay,3
25.0,614.1,0.04070998208760788,normal_delay,3
26.0,614.1,0.0423383813711122,normal_delay,3
16.0,996.53,0.01605571332523858,normal_delay,3
0.0,614.1,0.0,normal_delay,3
2.0,996.53,0.0020069641656548223,normal_delay,3
17.0,614.1,0.027682787819573357,normal_delay,3
0.0,614.1,0.0,normal_delay,3
0.0,614.1,0.0,normal_delay,3
28.0,614.1,0.045595179938120824,normal_delay,3
0.0,614.1,0.0,normal_delay,3
0.0,614.1,0.0,normal_delay,3
79.0,1704.44,0.04634953415784657,normal_delay,3
7.0,1497.6,0.004674145299145299,normal_delay,3
25.0,1407.6,0.017760727479397557,normal_delay,3
23.0,614.1,0.03745318352059925,normal_delay,3
0.0,796.16,0.0,normal_delay,3
0.0,614.1,0.0,normal_delay,3
0.0,614.1,0.0,normal_delay,3
80.0,3249.8,0.024616899501507784,normal_delay,3
4.0,1545.37,0.0025883768935594715,normal_delay,3
0.0,1017.17,0.0,normal_delay,3
19.0,614.1,0.03093958638658199,normal_delay,3
22.0,614.1,0.03582478423709493,normal_delay,3
6.0,614.1,0.009770395701025891,normal_delay,3
47.0,614.1,0.07653476632470281,normal_delay,3
37.0,614.1,0.06025077348965966,normal_delay,3
5.0,820.73,0.006092137487358815,normal_delay,3
18.0,614.1,0.029311187103077674,normal_delay,3
0.0,247.93,0.0,normal_delay,3
47.0,1683.8,0.027913053806865425,normal_delay,3
15.0,1032.6,0.014526438117373622,normal_delay,3
18.0,841.37,0.02139367935628796,normal_delay,3
14.0,614.1,0.022797589969060412,normal_delay,3
40.0,614.1,0.06513597134017261,normal_delay,3
13.0,614.1,0.0211691906855561,normal_delay,3
9.0,614.1,0.014655593551538837,normal_delay,3
0.0,614.1,0.0,normal_delay,3
31.0,614.1,0.05048037778863377,normal_delay,3
8.0,614.1,0.013027194268034522,normal_delay,3
0.0,1582.36,0.0,normal_delay,3
0.0,1815.17,0.0,normal_delay,3
36.0,614.1,0.05862237420615535,normal_delay,3
0.0,614.1,0.0,normal_delay,3
0.0,614.1,0.0,normal_delay,3
6.0,268.57,0.022340544364597686,normal_delay,3
0.0,614.1,0.0,normal_delay,3
0.0,1386.96,0.0,normal_delay,3
20.0,614.1,0.03256798567008631,normal_delay,3
28.0,614.1,0.045595179938120824,normal_delay,3
0.0,589.53,0.0,normal_delay,3
55.0,614.1,0.08956196059273734,normal_delay,3
47.0,614.1,0.07653476632470281,normal_delay,3
6.0,614.1,0.009770395701025891,normal_delay,3
0.0,1011.96,0.0,normal_delay,3
0.0,614.1,0.0,normal_delay,3
65.0,2952.96,0.022011811876896402,normal_delay,3
36.0,816.8,0.04407443682664055,normal_delay,3
22.0,614.1,0.03582478423709493,normal_delay,3
0.0,878.36,0.0,normal_delay,3
0.0,614.1,0.0,normal_delay,3
0.0,614.1,0.0,normal_delay,3
0.0,614.1,0.0,normal_delay,3
57.0,614.1,0.09281875915974597,normal_delay,3
30.0,614.1,0.048851978505129456,normal_delay,3
0.0,614.1,0.0,normal_delay,3
56.0,2025.64,0.02764558361801702,normal_delay,3
36.0,614.1,0.05862237420615535,normal_delay,3
13.0,614.1,0.0211691906855561,normal_delay,3
0.0,614.1,0.0,normal_delay,3
70.0,2973.6,0.023540489642184557,normal_delay,3
65.0,1815.17,0.03580931813549144,normal_delay,3
0.0,589.53,0.0,normal_delay,3
52.0,614.1,0.0846767627422244,normal_delay,3
58.0,1794.53,0.03232044044958847,normal_delay,3
24.0,610.17,0.03933330055558287,normal_delay,3
0.0,614.1,0.0,normal_delay,3
0.0,1407.6,0.0,normal_delay,3
15.0,610.17,0.024583312847239296,normal_delay,3
0.0,589.53,0.0,normal_delay,3
16.0,443.3,0.03609293931874577,normal_delay,3
0.0,589.53,0.0,normal_delay,3
0.0,614.1,0.0,normal_delay,3
0.0,614.1,0.0,normal_delay,3
0.0,443.3,0.0,normal_delay,3
0.0,614.1,0.0,normal_delay,3
59.0,1794.53,0.03287768942285724,normal_delay,3
22.0,1310.24,0.01679081694956649,normal_delay,3
37.0,837.44,0.04418226977455101,normal_delay,3
14.0,610.17,0.02294442532409001,normal_delay,3
0.0,1769.96,0.0,normal_delay,3
13.0,610.17,0.021305537800940723,normal_delay,3
0.0,614.1,0.0,normal_delay,3
69.0,837.44,0.08239396255254107,normal_delay,3
0.0,1029.96,0.0,normal_delay,3
60.0,2201.6,0.027252906976744186,normal_delay,3
16.0,2180.96,0.007336218912772357,normal_delay,3
78.0,841.37,0.09270594387724782,normal_delay,3
0.0,614.1,0.0,normal_delay,3
0.0,443.3,0.0,normal_delay,3
57.0,3359.96,0.01696448767247229,normal_delay,3
4.0,1811.24,0.002208431792584086,normal_delay,3
0.0,610.17,0.0,normal_delay,3
0.0,614.1,0.0,normal_delay,3
0.0,1407.6,0.0,normal_delay,3
0.0,614.1,0.0,normal_delay,3
47.0,841.37,0.05586127387475189,normal_delay,3
0.0,610.17,0.0,normal_delay,3
69.0,4588.16,0.015038708327521272,normal_delay,3
0.0,443.3,0.0,normal_delay,3
41.0,841.37,0.04873004742265591,normal_delay,3
21.0,443.3,0.047371982855853825,normal_delay,3
24.0,1794.53,0.013373975358450403,normal_delay,3
28.0,841.37,0.033279056776447935,normal_delay,3
0.0,1790.6,0.0,normal_delay,3
0.0,610.17,0.0,normal_delay,3
0.0,1032.6,0.0,normal_delay,3
0.0,589.53,0.0,normal_delay,3
0.0,837.44,0.0,normal_delay,3
0.0,247.93,0.0,normal_delay,3
33.0,996.53,0.03311490873330457,normal_delay,3
134.0,3254.8,0.04116996436032936,normal_delay,3
35.0,2338.8,0.01496493928510347,normal_delay,3
24.0,1794.53,0.013373975358450403,normal_delay,3
17.0,1476.96,0.01151012891344383,normal_delay,3
11.0,992.6,0.011082006850695143,normal_delay,3
16.0,2175.6,0.007354293068578783,normal_delay,3
30.0,1013.24,0.029607990209624572,normal_delay,3
37.0,614.1,0.06025077348965966,normal_delay,3
41.0,614.1,0.06676437062367692,normal_delay,3
26.0,614.1,0.0423383813711122,normal_delay,3
0.0,589.53,0.0,normal_delay,3
8.0,1013.24,0.007895464055899885,normal_delay,3
27.0,614.1,0.04396678065461651,normal_delay,3
7.0,614.1,0.011398794984530206,normal_delay,3
51.0,1815.17,0.028096541921693283,normal_delay,3
0.0,1332.96,0.0,normal_delay,3
33.0,614.1,0.0537371763556424,normal_delay,3
0.0,614.1,0.0,normal_delay,3
29.0,614.1,0.047223579221625143,normal_delay,3
16.0,614.1,0.026054388536069045,normal_delay,3
7.0,614.1,0.011398794984530206,normal_delay,3
3.0,614.1,0.004885197850512946,normal_delay,3
0.0,272.5,0.0,normal_delay,3
54.0,2172.24,0.024859131587669874,normal_delay,3
0.0,1362.96,0.0,normal_delay,3
43.0,614.1,0.07002116919068556,normal_delay,3
26.0,614.1,0.0423383813711122,normal_delay,3
3.0,614.1,0.004885197850512946,normal_delay,3
147.0,4066.57,0.036148400248858376,normal_delay,3
63.0,2583.17,0.024388638765547758,normal_delay,3
65.0,1815.17,0.03580931813549144,normal_delay,3
37.0,996.53,0.037128837064614215,normal_delay,3
0.0,1362.96,0.0,normal_delay,3
22.0,610.17,0.0360555255092843,normal_delay,3
12.0,614.1,0.019540791402051783,normal_delay,3
3.0,614.1,0.004885197850512946,normal_delay,3
0.0,614.1,0.0,normal_delay,3
28.0,1383.6,0.02023706273489448,normal_delay,3
1.0,1013.24,0.0009869330069874856,normal_delay,3
63.0,2151.6,0.02928053541550474,normal_delay,3
30.0,1815.17,0.01652737760099605,normal_delay,3
27.0,1017.17,0.026544235476862275,normal_delay,3
0.0,1353.6,0.0,normal_delay,3
0.0,996.53,0.0,normal_delay,3
0.0,820.73,0.0,normal_delay,3
17.0,614.1,0.027682787819573357,normal_delay,3
30.0,900.44,0.03331704500022211,normal_delay,3
25.0,1518.24,0.016466434819264412,normal_delay,3
0.0,247.93,0.0,normal_delay,3
28.0,2973.6,0.009416195856873824,normal_delay,3
70.0,1428.24,0.049011370637988015,normal_delay,3
0.0,614.1,0.0,normal_delay,3
53.0,1428.24,0.03710860919733378,normal_delay,3
0.0,614.1,0.0,normal_delay,3
43.0,1289.6,0.033343672456575685,normal_delay,3
13.0,1383.6,0.009395779126915294,normal_delay,3
0.0,1353.6,0.0,normal_delay,3
40.0,1537.44,0.026017275470912687,normal_delay,3
0.0,1332.96,0.0,normal_delay,3
29.0,882.44,0.03286342414215131,normal_delay,3
0.0,1383.6,0.0,normal_delay,3
0.0,614.1,0.0,normal_delay,3
34.0,1310.24,0.025949444376602758,normal_delay,3
10.0,1497.6,0.006677350427350428,normal_delay,3
10.0,1310.24,0.007632189522530223,normal_delay,3
0.0,820.73,0.0,normal_delay,3
32.0,614.1,0.05210877707213809,normal_delay,3
41.0,614.1,0.06676437062367692,normal_delay,3
175.0,4026.73,0.04345958134764437,normal_delay,3
8.0,614.1,0.013027194268034522,normal_delay,3
0.0,614.1,0.0,normal_delay,3
37.0,820.73,0.04508181740645523,normal_delay,3
0.0,1383.6,0.0,normal_delay,3
42.0,614.1,0.06839276990718124,normal_delay,3
34.0,614.1,0.055365575639146715,normal_delay,3
149.0,2436.73,0.061147521473450074,normal_delay,3
180.0,2457.37,0.07324904267570614,normal_delay,3
22.0,1374.24,0.016008848527185936,normal_delay,3
33.0,614.1,0.0537371763556424,normal_delay,3
3.0,614.1,0.004885197850512946,normal_delay,3
124.0,3852.17,0.03218964895111067,normal_delay,3
59.0,3405.17,0.017326594560623992,normal_delay,3
107.0,2457.37,0.04354248647944754,normal_delay,3
6.0,1353.6,0.004432624113475178,normal_delay,3
2.0,614.1,0.0032567985670086306,normal_delay,3
184.0,3258.73,0.05646371439180294,normal_delay,3
110.0,3270.44,0.03363461797189369,normal_delay,3
78.0,1500.16,0.051994453924914676,normal_delay,3
0.0,1032.6,0.0,normal_delay,3
5.0,614.1,0.008141996417521577,normal_delay,3
0.0,614.1,0.0,normal_delay,3
0.0,589.53,0.0,normal_delay,3
17.0,841.37,0.020205141614271963,normal_delay,3
0.0,1032.6,0.0,normal_delay,3
0.0,1407.6,0.0,normal_delay,3
0.0,796.16,0.0,normal_delay,3
0.0,589.53,0.0,normal_delay,3
5.0,614.1,0.008141996417521577,normal_delay,3
0.0,614.1,0.0,normal_delay,3
18.0,2451.8,0.007341544987356227,normal_delay,3
24.0,1013.24,0.023686392167699657,normal_delay,3
28.0,614.1,0.045595179938120824,normal_delay,3
0.0,614.1,0.0,normal_delay,3
0.0,268.57,0.0,normal_delay,3
182.0,4022.8,0.04524211991647609,normal_delay,3
8.0,1407.6,0.005683432793407218,normal_delay,3
31.0,614.1,0.05048037778863377,normal_delay,3
37.0,614.1,0.06025077348965966,normal_delay,3
0.0,996.53,0.0,normal_delay,3
30.0,614.1,0.048851978505129456,normal_delay,3
19.0,614.1,0.03093958638658199,normal_delay,3
0.0,247.93,0.0,normal_delay,3
30.0,614.1,0.048851978505129456,normal_delay,3
21.0,614.1,0.03419638495359062,normal_delay,3
6.0,614.1,0.009770395701025891,normal_delay,3
0.0,614.1,0.0,normal_delay,3
0.0,614.1,0.0,normal_delay,3
0.0,1386.96,0.0,normal_delay,3
29.0,614.1,0.047223579221625143,normal_delay,3
19.0,614.1,0.03093958638658199,normal_delay,3
21.0,614.1,0.03419638495359062,normal_delay,3
5.0,614.1,0.008141996417521577,normal_delay,3
15.0,614.1,0.024425989252564728,normal_delay,3
2.0,841.37,0.0023770754840319952,normal_delay,3
4.0,614.1,0.006513597134017261,normal_delay,3
69.0,1500.16,0.04599509385665529,normal_delay,3
0.0,1289.6,0.0,normal_delay,3
9.0,614.1,0.014655593551538837,normal_delay,3
13.0,443.3,0.029325513196480937,normal_delay,3
0.0,614.1,0.0,normal_delay,3
0.0,443.3,0.0,normal_delay,3
0.0,589.53,0.0,normal_delay,3
0.0,614.1,0.0,normal_delay,3
28.0,2558.6,0.01094348471820527,normal_delay,3
11.0,610.17,0.01802776275464215,normal_delay,3
0.0,614.1,0.0,normal_delay,3
17.0,816.8,0.02081292850146915,normal_delay,3
30.0,610.17,0.04916662569447859,normal_delay,3
43.0,614.1,0.07002116919068556,normal_delay,3
26.0,614.1,0.0423383813711122,normal_delay,3
3.0,610.17,0.004916662569447859,normal_delay,3
10.0,816.8,0.012242899118511265,normal_delay,3
33.0,614.1,0.0537371763556424,normal_delay,3
0.0,614.1,0.0,normal_delay,3
0.0,610.17,0.0,normal_delay,3
0.0,589.53,0.0,normal_delay,3
123.0,5015.8,0.024522508871964593,normal_delay,3
56.0,614.1,0.09119035987624165,normal_delay,3
3.0,614.1,0.004885197850512946,normal_delay,3
0.0,614.1,0.0,normal_delay,3
3.0,837.44,0.0035823461979365683,normal_delay,3
1.0,614.1,0.0016283992835043153,normal_delay,3
0.0,614.1,0.0,normal_delay,3
0.0,614.1,0.0,normal_delay,3
17.0,614.1,0.027682787819573357,normal_delay,3
13.0,614.1,0.0211691906855561,normal_delay,3
0.0,614.1,0.0,normal_delay,3
0.0,614.1,0.0,normal_delay,3
46.0,2622.6,0.0175398459543964,normal_delay,3
0.0,614.1,0.0,normal_delay,3
57.0,2952.96,0.01930266579973992,normal_delay,3
0.0,610.17,0.0,normal_delay,3
34.0,1794.53,0.01894646509113807,normal_delay,3
0.0,614.1,0.0,normal_delay,3
60.0,3229.16,0.01858068352141114,normal_delay,3
0.0,614.1,0.0,normal_delay,3
0.0,1362.96,0.0,normal_delay,3
0.0,610.17,0.0,normal_delay,3
0.0,589.53,0.0,normal_delay,3
1.0,1407.6,0.0007104290991759022,normal_delay,3
0.0,614.1,0.0,normal_delay,3
0.0,614.1,0.0,normal_delay,3
0.0,1362.96,0.0,normal_delay,3
2.0,272.5,0.007339449541284404,normal_delay,3
38.0,1476.96,0.025728523453580326,normal_delay,3
0.0,1790.6,0.0,normal_delay,3
0.0,614.1,0.0,normal_delay,3
1.0,272.5,0.003669724770642202,normal_delay,3
37.0,272.5,0.13577981651376148,normal_delay,3
32.0,2562.53,0.012487658681069099,normal_delay,3
17.0,2537.96,0.006698293117306813,normal_delay,3
36.0,614.1,0.05862237420615535,normal_delay,3
0.0,614.1,0.0,normal_delay,3
0.0,1407.6,0.0,normal_delay,3
0.0,614.1,0.0,normal_delay,3
40.0,614.1,0.06513597134017261,normal_delay,3
36.0,614.1,0.05862237420615535,normal_delay,3
0.0,589.53,0.0,normal_delay,3
59.0,2455.93,0.02402348601140912,normal_delay,3
0.0,1386.96,0.0,normal_delay,3
0.0,614.1,0.0,normal_delay,3
0.0,614.1,0.0,normal_delay,3
15.0,268.57,0.05585136091149421,normal_delay,3
24.0,996.53,0.024083569987857868,normal_delay,3
0.0,1268.96,0.0,normal_delay,3
25.0,614.1,0.04070998208760788,normal_delay,3
13.0,614.1,0.0211691906855561,normal_delay,3
0.0,796.16,0.0,normal_delay,3
46.0,3106.8,0.014806231492210635,normal_delay,3
22.0,2201.6,0.009992732558139535,normal_delay,3
1.0,1407.6,0.0007104290991759022,normal_delay,3
0.0,1407.6,0.0,normal_delay,3
6.0,614.1,0.009770395701025891,normal_delay,3
0.0,268.57,0.0,normal_delay,3
56.0,3042.8,0.018404101485473903,normal_delay,3
0.0,589.53,0.0,normal_delay,3
54.0,3384.53,0.01595494795436885,normal_delay,3
20.0,610.17,0.03277775046298573,normal_delay,3
22.0,820.73,0.026805404944378785,normal_delay,3
92.0,841.37,0.10934547226547178,normal_delay,3
0.0,1496.16,0.0,normal_delay,3
1.0,992.6,0.0010074551682450132,normal_delay,3
15.0,610.17,0.024583312847239296,normal_delay,3
0.0,614.1,0.0,normal_delay,3
37.0,2154.96,0.017169692244867654,normal_delay,3
50.0,1663.16,0.030063253084489764,normal_delay,3
99.0,841.37,0.11766523645958378,normal_delay,3
46.0,2175.6,0.021143592572164003,normal_delay,3
8.0,610.17,0.013111100185194291,normal_delay,3
0.0,610.17,0.0,normal_delay,3
0.0,589.53,0.0,normal_delay,3
0.0,589.53,0.0,normal_delay,3
73.0,2973.6,0.024549367769706752,normal_delay,3
14.0,861.8,0.016245068461359945,normal_delay,3
0.0,796.16,0.0,normal_delay,3
48.0,816.8,0.058765915768854066,normal_delay,3
42.0,841.37,0.0499185851646719,normal_delay,3
43.0,1017.17,0.04227415279648437,normal_delay,3
8.0,992.6,0.008059641345960105,normal_delay,3
2.0,1032.6,0.001936858415649816,normal_delay,3
44.0,1310.24,0.03358163389913298,normal_delay,3
0.0,992.6,0.0,normal_delay,3
0.0,610.17,0.0,normal_delay,3
0.0,589.53,0.0,normal_delay,3
79.0,2643.24,0.029887562234227692,normal_delay,3
61.0,1428.24,0.042709908698818126,normal_delay,3
24.0,1017.17,0.023594875979433133,normal_delay,3
13.0,841.37,0.01545099064620797,normal_delay,3
41.0,1965.16,0.020863441144741396,normal_delay,3
0.0,841.37,0.0,normal_delay,3
32.0,1404.24,0.022788127385632087,normal_delay,3
16.0,1017.17,0.01572991731962209,normal_delay,3
13.0,1032.6,0.012589579701723806,normal_delay,3
13.0,1815.17,0.007161863627098288,normal_delay,3
28.0,1353.6,0.020685579196217496,normal_delay,3
10.0,1017.17,0.009831198324763805,normal_delay,3
0.0,971.96,0.0,normal_delay,3
40.0,1428.24,0.02800649750742172,normal_delay,3
49.0,2151.6,0.0227737497676148,normal_delay,3
13.0,1815.17,0.007161863627098288,normal_delay,3
28.0,1428.24,0.019604548255195205,normal_delay,3
0.0,1386.96,0.0,normal_delay,3
82.0,3127.44,0.02621952779269946,normal_delay,3
0.0,1017.17,0.0,normal_delay,3
78.0,3294.64,0.023674817278974334,normal_delay,3
0.0,1815.17,0.0,normal_delay,3
41.0,1017.17,0.040307913131531606,normal_delay,3
47.0,861.8,0.05453701554885124,normal_delay,3
0.0,589.53,0.0,normal_delay,3
48.0,2558.6,0.018760259516923318,normal_delay,3
38.0,614.1,0.06187917277316398,normal_delay,3
27.0,614.1,0.04396678065461651,normal_delay,3
28.0,820.73,0.03411596992920936,normal_delay,3
0.0,992.6,0.0,normal_delay,3
119.0,5019.73,0.02370645433120905,normal_delay,3
14.0,996.53,0.014048749159583755,normal_delay,3
18.0,841.37,0.02139367935628796,normal_delay,3
114.0,2476.57,0.04603140634022054,normal_delay,3
56.0,1989.73,0.028144522121091805,normal_delay,3
46.0,1428.24,0.03220747213353498,normal_delay,3
36.0,1374.24,0.02619629758994062,normal_delay,3
33.0,614.1,0.0537371763556424,normal_delay,3
12.0,614.1,0.019540791402051783,normal_delay,3
7.0,820.73,0.00852899248230234,normal_delay,3
0.0,614.1,0.0,normal_delay,3
35.0,2973.6,0.011770244821092278,normal_delay,3
0.0,1362.96,0.0,normal_delay,3
2.0,1289.6,0.0015508684863523574,normal_delay,3
42.0,3405.17,0.0123341859584103,normal_delay,3
0.0,1353.6,0.0,normal_delay,3
21.0,1404.24,0.014954708596821057,normal_delay,3
0.0,1332.96,0.0,normal_delay,3
0.0,820.73,0.0,normal_delay,3
4.0,614.1,0.006513597134017261,normal_delay,3
110.0,2457.37,0.04476330385737598,normal_delay,3
22.0,1050.6,0.02094041500095184,normal_delay,3
0.0,1310.24,0.0,normal_delay,3
20.0,879.8,0.022732439190725165,normal_delay,3
5.0,614.1,0.008141996417521577,normal_delay,3
0.0,589.53,0.0,normal_delay,3
64.0,3384.53,0.018909567945918634,normal_delay,3
23.0,1090.44,0.021092403066651992,normal_delay,3
0.0,1407.6,0.0,normal_delay,3
0.0,268.57,0.0,normal_delay,3
101.0,2432.8,0.041515948701085166,normal_delay,3
17.0,610.17,0.02786108789353787,normal_delay,3
0.0,589.53,0.0,normal_delay,3
15.0,1428.24,0.010502436565283145,normal_delay,3
3.0,1407.6,0.002131287297527707,normal_delay,3
4.0,1090.44,0.003668244011591651,normal_delay,3
0.0,589.53,0.0,normal_delay,3
0.0,878.36,0.0,normal_delay,3
24.0,614.1,0.039081582804103565,normal_delay,3
0.0,589.53,0.0,normal_delay,3
0.0,614.1,0.0,normal_delay,3
136.0,3108.24,0.043754665019432225,normal_delay,3
48.0,614.1,0.07816316560820713,normal_delay,3
27.0,614.1,0.04396678065461651,normal_delay,3
12.0,614.1,0.019540791402051783,normal_delay,3
9.0,614.1,0.014655593551538837,normal_delay,3
112.0,2453.44,0.045650189122212075,normal_delay,3
17.0,614.1,0.027682787819573357,normal_delay,3
11.0,614.1,0.017912392118547466,normal_delay,3
40.0,614.1,0.06513597134017261,normal_delay,3
0.0,1013.24,0.0,normal_delay,3
8.0,614.1,0.013027194268034522,normal_delay,3
0.0,589.53,0.0,normal_delay,3
0.0,614.1,0.0,normal_delay,3
3.0,614.1,0.004885197850512946,normal_delay,3
0.0,614.1,0.0,normal_delay,3
22.0,614.1,0.03582478423709493,normal_delay,3
20.0,614.1,0.03256798567008631,normal_delay,3
16.0,614.1,0.026054388536069045,normal_delay,3
7.0,614.1,0.011398794984530206,normal_delay,3
39.0,614.1,0.0635075720566683,normal_delay,3
34.0,614.1,0.055365575639146715,normal_delay,3
0.0,589.53,0.0,normal_delay,3
0.0,614.1,0.0,normal_delay,3
0.0,247.93,0.0,normal_delay,3
0.0,1050.6,0.0,normal_delay,3
0.0,1050.6,0.0,normal_delay,3
33.0,614.1,0.0537371763556424,normal_delay,3
26.0,614.1,0.0423383813711122,normal_delay,3
21.0,614.1,0.03419638495359062,normal_delay,3
60.0,1500.16,0.0399957337883959,normal_delay,3
15.0,614.1,0.024425989252564728,normal_delay,3
3.0,614.1,0.004885197850512946,normal_delay,3
3.0,614.1,0.004885197850512946,normal_delay,3
0.0,614.1,0.0,normal_delay,3
0.0,1353.6,0.0,normal_delay,3
0.0,614.1,0.0,normal_delay,3
18.0,1582.36,0.01137541393867388,normal_delay,3
0.0,614.1,0.0,normal_delay,3
6.0,614.1,0.009770395701025891,normal_delay,3
0.0,614.1,0.0,normal_delay,3
0.0,1383.6,0.0,normal_delay,3
12.0,614.1,0.019540791402051783,normal_delay,3
41.0,614.1,0.06676437062367692,normal_delay,3
21.0,614.1,0.03419638495359062,normal_delay,3
3.0,614.1,0.004885197850512946,normal_delay,3
0.0,614.1,0.0,normal_delay,3
0.0,816.8,0.0,normal_delay,3
0.0,589.53,0.0,normal_delay,3
0.0,614.1,0.0,normal_delay,3
29.0,614.1,0.047223579221625143,normal_delay,3
0.0,614.1,0.0,normal_delay,3
0.0,614.1,0.0,normal_delay,3
0.0,589.53,0.0,normal_delay,3
152.0,3827.6,0.03971156860695998,normal_delay,3
83.0,2319.6,0.035782031384721504,normal_delay,3
0.0,1332.96,0.0,normal_delay,3
31.0,614.1,0.05048037778863377,normal_delay,3
0.0,614.1,0.0,normal_delay,3
0.0,614.1,0.0,normal_delay,3
0.0,614.1,0.0,normal_delay,3
34.0,614.1,0.055365575639146715,normal_delay,3
44.0,272.5,0.1614678899082569,normal_delay,3
0.0,614.1,0.0,normal_delay,3
0.0,614.1,0.0,normal_delay,3
19.0,272.5,0.06972477064220184,normal_delay,3
0.0,614.1,0.0,normal_delay,3
14.0,1407.6,0.009946007388462632,normal_delay,3
10.0,614.1,0.016283992835043153,normal_delay,3
25.0,272.5,0.09174311926605505,normal_delay,3
0.0,614.1,0.0,normal_delay,3
0.0,614.1,0.0,normal_delay,3
24.0,996.53,0.024083569987857868,normal_delay,3
38.0,614.1,0.06187917277316398,normal_delay,3
0.0,614.1,0.0,normal_delay,3
0.0,589.53,0.0,normal_delay,3
0.0,1353.6,0.0,normal_delay,3
20.0,614.1,0.03256798567008631,normal_delay,3
10.0,610.17,0.016388875231492864,normal_delay,3
0.0,614.1,0.0,normal_delay,3
7.0,272.5,0.025688073394495414,normal_delay,3
30.0,268.57,0.11170272182298842,normal_delay,3
22.0,1520.8,0.014466070489216203,normal_delay,3
9.0,1497.6,0.006009615384615385,normal_delay,3
2.0,996.53,0.0020069641656548223,normal_delay,3
0.0,1011.96,0.0,normal_delay,3
0.0,996.53,0.0,normal_delay,3
0.0,614.1,0.0,normal_delay,3
0.0,614.1,0.0,normal_delay,3
0.0,614.1,0.0,normal_delay,3
95.0,2298.96,0.041323033023628074,normal_delay,3
0.0,614.1,0.0,normal_delay,3
0.0,589.53,0.0,normal_delay,3
0.0,1476.96,0.0,normal_delay,3
0.0,272.5,0.0,normal_delay,3
0.0,614.1,0.0,normal_delay,3
20.0,2558.6,0.007816774798718049,normal_delay,3
0.0,272.5,0.0,normal_delay,3
0.0,1794.53,0.0,normal_delay,3
0.0,614.1,0.0,normal_delay,3
0.0,610.17,0.0,normal_delay,3
0.0,589.53,0.0,normal_delay,3
0.0,614.1,0.0,normal_delay,3
51.0,2558.6,0.019932775736731027,normal_delay,3
13.0,2154.96,0.0060325945725210675,normal_delay,3
23.0,1790.6,0.012844856472690718,normal_delay,3
0.0,614.1,0.0,normal_delay,3
0.0,614.1,0.0,normal_delay,3
0.0,878.36,0.0,normal_delay,3
0.0,247.93,0.0,normal_delay,3
0.0,614.1,0.0,normal_delay,3
0.0,614.1,0.0,normal_delay,3
11.0,2562.53,0.004292632671617502,normal_delay,3
0.0,589.53,0.0,normal_delay,3
0.0,614.1,0.0,normal_delay,3
0.0,1332.96,0.0,normal_delay,3
0.0,1017.17,0.0,normal_delay,3
0.0,614.1,0.0,normal_delay,3
15.0,1790.6,0.008377080308276556,normal_delay,3
83.0,1854.6,0.044753585678852584,normal_delay,3
35.0,1017.17,0.03440919413667332,normal_delay,3
22.0,1383.6,0.015900549291702804,normal_delay,3
22.0,882.44,0.024930873487149268,normal_delay,3
0.0,589.53,0.0,normal_delay,3
32.0,1017.17,0.03145983463924418,normal_delay,3
0.0,589.53,0.0,normal_delay,3
28.0,2154.96,0.012993280617737683,normal_delay,3
28.0,1428.24,0.019604548255195205,normal_delay,3
28.0,992.6,0.028208744710860365,normal_delay,3
17.0,1017.17,0.01671303715209847,normal_delay,3
59.0,841.37,0.07012372677894387,normal_delay,3
38.0,820.73,0.04630024490392699,normal_delay,3
51.0,1374.24,0.03711142158574921,normal_delay,3
17.0,1407.6,0.01207729468599034,normal_delay,3
48.0,1794.44,0.026749292258308997,normal_delay,3
24.0,841.37,0.028524905808383946,normal_delay,3
37.0,1374.24,0.026923972522994527,normal_delay,3
2.0,1683.8,0.001187789523696401,normal_delay,3
0.0,1268.96,0.0,normal_delay,3
0.0,1769.96,0.0,normal_delay,3
40.0,841.37,0.04754150968063991,normal_delay,3
30.0,1353.6,0.022163120567375887,normal_delay,3
30.0,992.6,0.030223655047350393,normal_delay,3
32.0,1854.6,0.017254394478593768,normal_delay,3
0.0,1407.6,0.0,normal_delay,3
33.0,837.44,0.03940580817730225,normal_delay,3
19.0,820.73,0.023150122451963497,normal_delay,3
50.0,841.37,0.05942688710079989,normal_delay,3
0.0,996.53,0.0,normal_delay,3
0.0,589.53,0.0,normal_delay,3
0.0,589.53,0.0,normal_delay,3
37.0,841.37,0.04397589645459191,normal_delay,3
9.0,610.17,0.014749987708343577,normal_delay,3
8.0,610.17,0.013111100185194291,normal_delay,3
63.0,2222.24,0.02834977320181439,normal_delay,3
24.0,1811.24,0.013250590755504516,normal_delay,3
88.0,2583.17,0.0340666700217175,normal_delay,3
0.0,992.6,0.0,normal_delay,3
0.0,820.73,0.0,normal_delay,3
0.0,610.17,0.0,normal_delay,3
0.0,589.53,0.0,normal_delay,3
10.0,2151.6,0.0046477040342071015,normal_delay,3
23.0,1353.6,0.016991725768321513,normal_delay,3
3.0,1289.6,0.0023263027295285362,normal_delay,3
0.0,1407.6,0.0,normal_delay,3
0.0,610.17,0.0,normal_delay,3
24.0,2973.6,0.008071025020177564,normal_delay,3
56.0,2175.6,0.025740025740025742,normal_delay,3
17.0,2175.6,0.007813936385364957,normal_delay,3
55.0,1541.44,0.03568092173552003,normal_delay,3
11.0,443.3,0.024813895781637715,normal_delay,3
33.0,1516.8,0.021756329113924052,normal_delay,3
0.0,1386.96,0.0,normal_delay,3
147.0,5250.93,0.027995040878472956,normal_delay,3
16.0,2175.6,0.007354293068578783,normal_delay,3
18.0,1815.17,0.00991642656059763,normal_delay,3
31.0,1407.6,0.02202330207445297,normal_delay,3
12.0,1032.6,0.011621150493898898,normal_delay,3
0.0,610.17,0.0,normal_delay,3
121.0,2994.24,0.04041092230415732,normal_delay,3
50.0,1545.37,0.03235471116949339,normal_delay,3
47.0,1497.6,0.03138354700854701,normal_delay,3
39.0,1518.24,0.025687638318052482,normal_delay,3
0.0,1353.6,0.0,normal_delay,3
11.0,2175.6,0.0050560764846479134,normal_delay,3
32.0,1017.17,0.03145983463924418,normal_delay,3
0.0,1069.8,0.0,normal_delay,3
23.0,614.1,0.03745318352059925,normal_delay,3
75.0,2973.6,0.025221953188054883,normal_delay,3
23.0,614.1,0.03745318352059925,normal_delay,3
16.0,1374.24,0.011642798928862498,normal_delay,3
30.0,614.1,0.048851978505129456,normal_delay,3
0.0,443.3,0.0,normal_delay,3
0.0,1374.24,0.0,normal_delay,3
41.0,1518.24,0.027004953103593635,normal_delay,3
0.0,1090.44,0.0,normal_delay,3
36.0,614.1,0.05862237420615535,normal_delay,3
0.0,899.0,0.0,normal_delay,3
28.0,614.1,0.045595179938120824,normal_delay,3
25.0,996.53,0.02508705207068528,normal_delay,3
11.0,1050.6,0.01047020750047592,normal_delay,3
0.0,1032.6,0.0,normal_delay,3
16.0,614.1,0.026054388536069045,normal_delay,3
1.0,614.1,0.0016283992835043153,normal_delay,3
123.0,4022.8,0.03057571840509098,normal_delay,3
0.0,1289.6,0.0,normal_delay,3
13.0,1017.17,0.012780557822192947,normal_delay,3
0.0,971.96,0.0,normal_delay,3
6.0,614.1,0.009770395701025891,normal_delay,3
49.0,614.1,0.07979156489171145,normal_delay,3
37.0,614.1,0.06025077348965966,normal_delay,3
27.0,614.1,0.04396678065461651,normal_delay,3
0.0,996.53,0.0,normal_delay,3
0.0,614.1,0.0,normal_delay,3
88.0,1813.56,0.04852334634641258,normal_delay,3
0.0,1386.96,0.0,normal_delay,3
26.0,614.1,0.0423383813711122,normal_delay,3
22.0,614.1,0.03582478423709493,normal_delay,3
17.0,614.1,0.027682787819573357,normal_delay,3
10.0,614.1,0.016283992835043153,normal_delay,3
6.0,614.1,0.009770395701025891,normal_delay,3
3.0,1404.24,0.002136386942403008,normal_delay,3
0.0,1050.6,0.0,normal_delay,3
39.0,614.1,0.0635075720566683,normal_delay,3
20.0,614.1,0.03256798567008631,normal_delay,3
20.0,614.1,0.03256798567008631,normal_delay,3
93.0,4313.24,0.021561517559885376,normal_delay,3
33.0,614.1,0.0537371763556424,normal_delay,3
35.0,614.1,0.056993974922651035,normal_delay,3
25.0,614.1,0.04070998208760788,normal_delay,3
0.0,614.1,0.0,normal_delay,3
59.0,2319.6,0.025435419899982756,normal_delay,3
0.0,1011.96,0.0,normal_delay,3
14.0,614.1,0.022797589969060412,normal_delay,3
11.0,610.17,0.01802776275464215,normal_delay,3
0.0,796.16,0.0,normal_delay,3
14.0,614.1,0.022797589969060412,normal_delay,3
21.0,268.57,0.07819190527609189,normal_delay,3
10.0,272.5,0.03669724770642202,normal_delay,3
40.0,614.1,0.06513597134017261,normal_delay,3
0.0,1332.96,0.0,normal_delay,3
18.0,614.1,0.029311187103077674,normal_delay,3
0.0,614.1,0.0,normal_delay,3
46.0,614.1,0.0749063670411985,normal_delay,3
42.0,614.1,0.06839276990718124,normal_delay,3
24.0,614.1,0.039081582804103565,normal_delay,3
17.0,614.1,0.027682787819573357,normal_delay,3
0.0,614.1,0.0,normal_delay,3
0.0,589.53,0.0,normal_delay,3
1.0,268.57,0.003723424060766281,normal_delay,3
0.0,614.1,0.0,normal_delay,3
0.0,589.53,0.0,normal_delay,3
22.0,614.1,0.03582478423709493,normal_delay,3
10.0,614.1,0.016283992835043153,normal_delay,3
0.0,614.1,0.0,normal_delay,3
0.0,614.1,0.0,normal_delay,3
32.0,1518.24,0.021077036568658447,normal_delay,3
3.0,614.1,0.004885197850512946,normal_delay,3
2.0,614.1,0.0032567985670086306,normal_delay,3
0.0,614.1,0.0,normal_delay,3
36.0,614.1,0.05862237420615535,normal_delay,3
11.0,614.1,0.017912392118547466,normal_delay,3
0.0,614.1,0.0,normal_delay,3
0.0,614.1,0.0,normal_delay,3
0.0,614.1,0.0,normal_delay,3
125.0,2455.93,0.050897216125866784,normal_delay,3
14.0,614.1,0.022797589969060412,normal_delay,3
75.0,1854.6,0.040439987059204145,normal_delay,3
1.0,614.1,0.0016283992835043153,normal_delay,3
0.0,614.1,0.0,normal_delay,3
0.0,272.5,0.0,normal_delay,3
34.0,1289.6,0.026364764267990077,normal_delay,3
0.0,614.1,0.0,normal_delay,3
0.0,614.1,0.0,normal_delay,3
80.0,3831.53,0.02087938760756147,normal_delay,3
0.0,614.1,0.0,normal_delay,3
22.0,1524.73,0.014428784112596984,normal_delay,3
0.0,614.1,0.0,normal_delay,3
0.0,614.1,0.0,normal_delay,3
63.0,2622.6,0.0240219629375429,normal_delay,3
49.0,614.1,0.07979156489171145,normal_delay,3
103.0,1838.13,0.05603520969681143,normal_delay,3
0.0,614.1,0.0,normal_delay,3
0.0,614.1,0.0,normal_delay,3
0.0,589.53,0.0,normal_delay,3
46.0,820.73,0.056047664883701095,normal_delay,3
3.0,1407.6,0.002131287297527707,normal_delay,3
31.0,614.1,0.05048037778863377,normal_delay,3
0.0,614.1,0.0,normal_delay,3
19.0,614.1,0.03093958638658199,normal_delay,3
0.0,614.1,0.0,normal_delay,3
0.0,614.1,0.0,normal_delay,3
35.0,2175.6,0.016087516087516088,normal_delay,3
36.0,614.1,0.05862237420615535,normal_delay,3
12.0,614.1,0.019540791402051783,normal_delay,3
0.0,589.53,0.0,normal_delay,3
0.0,1815.17,0.0,normal_delay,3
0.0,1407.6,0.0,normal_delay,3
36.0,820.73,0.04386338990898347,normal_delay,3
20.0,820.73,0.02436854994943526,normal_delay,3
123.0,3660.73,0.03359985576647281,normal_delay,3
35.0,1683.8,0.020786316664687016,normal_delay,3
0.0,614.1,0.0,normal_delay,3
0.0,268.57,0.0,normal_delay,3
0.0,1332.96,0.0,normal_delay,3
0.0,614.1,0.0,normal_delay,3
0.0,614.1,0.0,normal_delay,3
26.0,820.73,0.03167911493426583,normal_delay,3
0.0,614.1,0.0,normal_delay,3
0.0,614.1,0.0,normal_delay,3
0.0,589.53,0.0,normal_delay,3
0.0,247.93,0.0,normal_delay,3
0.0,614.1,0.0,normal_delay,3
70.0,2558.6,0.027358711795513174,normal_delay,3
71.0,1524.73,0.04656562145429027,normal_delay,3
24.0,610.17,0.03933330055558287,normal_delay,3
0.0,614.1,0.0,normal_delay,3
3.0,610.17,0.004916662569447859,normal_delay,3
0.0,614.1,0.0,normal_delay,3
12.0,816.8,0.014691478942213516,normal_delay,3
0.0,589.53,0.0,normal_delay,3
0.0,614.1,0.0,normal_delay,3
0.0,614.1,0.0,normal_delay,3
55.0,2151.6,0.02556237218813906,normal_delay,3
21.0,1524.73,0.013772930289297122,normal_delay,3
0.0,614.1,0.0,normal_delay,3
0.0,614.1,0.0,normal_delay,3
0.0,610.17,0.0,normal_delay,3
30.0,1790.6,0.01675416061655311,normal_delay,3
0.0,1790.6,0.0,normal_delay,3
0.0,971.96,0.0,normal_delay,3
0.0,589.53,0.0,normal_delay,3
67.0,1524.73,0.04394220616109082,normal_delay,3
0.0,1407.6,0.0,normal_delay,3
9.0,992.6,0.009067096514205118,normal_delay,3
12.0,1663.16,0.007215180740277544,normal_delay,3
0.0,610.17,0.0,normal_delay,3
23.0,1032.6,0.022273871779972886,normal_delay,3
0.0,589.53,0.0,normal_delay,3
0.0,1583.8,0.0,normal_delay,3
75.0,3384.53,0.0221596499366234,normal_delay,3
26.0,2151.6,0.012084030488938465,normal_delay,3
23.0,1090.44,0.021092403066651992,normal_delay,3
9.0,841.37,0.01069683967814398,normal_delay,3
0.0,1386.96,0.0,normal_delay,3
142.0,2029.57,0.06996555920712269,normal_delay,3
0.0,879.8,0.0,normal_delay,3
0.0,816.8,0.0,normal_delay,3
127.0,2005.0,0.06334164588528678,normal_delay,3
0.0,610.17,0.0,normal_delay,3
0.0,1029.96,0.0,normal_delay,3
0.0,971.96,0.0,normal_delay,3
24.0,443.3,0.054139408978118655,normal_delay,3
16.0,2562.53,0.0062438293405345496,normal_delay,3
29.0,1017.17,0.028510475141815036,normal_delay,3
17.0,1013.24,0.016777861118787256,normal_delay,3
6.0,443.3,0.013534852244529664,normal_delay,3
0.0,443.3,0.0,normal_delay,3
89.0,2432.8,0.0365833607365998,normal_delay,3
80.0,2172.24,0.03682834309284426,normal_delay,3
63.0,1017.17,0.06193654944601198,normal_delay,3
26.0,816.8,0.031831537708129284,normal_delay,3
26.0,996.53,0.02609053415351269,normal_delay,3
32.0,614.1,0.05210877707213809,normal_delay,3
9.0,614.1,0.014655593551538837,normal_delay,3
39.0,614.1,0.0635075720566683,normal_delay,3
17.0,614.1,0.027682787819573357,normal_delay,3
0.0,589.53,0.0,normal_delay,3
0.0,589.53,0.0,normal_delay,3
41.0,996.53,0.041142765395923854,normal_delay,3
16.0,1017.17,0.01572991731962209,normal_delay,3
32.0,614.1,0.05210877707213809,normal_delay,3
24.0,614.1,0.039081582804103565,normal_delay,3
0.0,589.53,0.0,normal_delay,3
0.0,443.3,0.0,normal_delay,3
40.0,1407.6,0.028417163967036092,normal_delay,3
1.0,837.44,0.0011941153993121894,normal_delay,3
41.0,1875.24,0.02186386809155095,normal_delay,3
32.0,1374.24,0.023285597857724997,normal_delay,3
0.0,1332.96,0.0,normal_delay,3
22.0,996.53,0.022076605822203044,normal_delay,3
22.0,614.1,0.03582478423709493,normal_delay,3
42.0,2973.6,0.014124293785310734,normal_delay,3
137.0,2476.57,0.05531844446149311,normal_delay,3
121.0,2196.24,0.055094160929588756,normal_delay,3
57.0,2175.6,0.026199669056811915,normal_delay,3
39.0,1790.6,0.021780408801519047,normal_delay,3
22.0,996.53,0.022076605822203044,normal_delay,3
14.0,614.1,0.022797589969060412,normal_delay,3
103.0,4066.57,0.02532847092266947,normal_delay,3
8.0,614.1,0.013027194268034522,normal_delay,3
26.0,1683.8,0.015441263808053213,normal_delay,3
51.0,1811.24,0.028157505355447098,normal_delay,3
4.0,1875.24,0.0021330603016147267,normal_delay,3
102.0,2994.24,0.03406540557871113,normal_delay,3
36.0,841.37,0.04278735871257592,normal_delay,3
7.0,1017.17,0.006881838827334664,normal_delay,3
32.0,2220.8,0.01440922190201729,normal_delay,3
29.0,2175.6,0.013329656186799044,normal_delay,3
41.0,1811.24,0.02263642587398688,normal_delay,3
0.0,614.1,0.0,normal_delay,3
27.0,1407.6,0.01918158567774936,normal_delay,3
18.0,1383.6,0.013009540329575022,normal_delay,3
0.0,1476.96,0.0,normal_delay,3
16.0,272.5,0.05871559633027523,normal_delay,3
31.0,1407.6,0.02202330207445297,normal_delay,3
27.0,610.17,0.04424996312503073,normal_delay,3
4.0,272.5,0.014678899082568808,normal_delay,3
47.0,1310.24,0.03587129075589205,normal_delay,3
29.0,272.5,0.10642201834862386,normal_delay,3
31.0,2175.6,0.014248942820371393,normal_delay,3
86.0,1604.44,0.05360125651317593,normal_delay,3
33.0,1050.6,0.03141062250142776,normal_delay,3
6.0,610.17,0.009833325138895718,normal_delay,3
17.0,268.57,0.06329820903302677,normal_delay,3
0.0,610.17,0.0,normal_delay,3
0.0,1332.96,0.0,normal_delay,3
30.0,614.1,0.048851978505129456,normal_delay,3
9.0,614.1,0.014655593551538837,normal_delay,3
1.0,614.1,0.0016283992835043153,normal_delay,3
0.0,589.53,0.0,normal_delay,3
151.0,3044.24,0.04960187107455392,normal_delay,3
0.0,1497.6,0.0,normal_delay,3
1.0,1310.24,0.0007632189522530224,normal_delay,3
44.0,614.1,0.07164956847418986,normal_delay,3
0.0,614.1,0.0,normal_delay,3
162.0,4313.24,0.037558772523671305,normal_delay,3
91.0,1520.8,0.05983692793266702,normal_delay,3
46.0,1545.37,0.02976633427593392,normal_delay,3
5.0,1383.6,0.0036137612026597285,normal_delay,3
17.0,614.1,0.027682787819573357,normal_delay,3
0.0,1428.24,0.0,normal_delay,3
25.0,820.73,0.030460687436794073,normal_delay,3
7.0,614.1,0.011398794984530206,normal_delay,3
2.0,1407.6,0.0014208581983518045,normal_delay,3
16.0,996.53,0.01605571332523858,normal_delay,3
18.0,2154.96,0.00835282325425994,normal_delay,3
32.0,614.1,0.05210877707213809,normal_delay,3
29.0,614.1,0.047223579221625143,normal_delay,3
0.0,820.73,0.0,normal_delay,3
41.0,614.1,0.06676437062367692,normal_delay,3
31.0,614.1,0.05048037778863377,normal_delay,3
31.0,614.1,0.05048037778863377,normal_delay,3
10.0,614.1,0.016283992835043153,normal_delay,3
82.0,3405.17,0.02408102972832487,normal_delay,3
135.0,1545.37,0.08735772015763216,normal_delay,3
1.0,1500.16,0.0006665955631399317,normal_delay,3
0.0,1289.6,0.0,normal_delay,3
26.0,614.1,0.0423383813711122,normal_delay,3
0.0,820.73,0.0,normal_delay,3
0.0,614.1,0.0,normal_delay,3
41.0,614.1,0.06676437062367692,normal_delay,3
17.0,614.1,0.027682787819573357,normal_delay,3
10.0,614.1,0.016283992835043153,normal_delay,3
10.0,614.1,0.016283992835043153,normal_delay,3
78.0,1017.17,0.07668334693315769,normal_delay,3
45.0,841.37,0.0534841983907199,normal_delay,3
115.0,3405.17,0.03377217583850439,normal_delay,3
16.0,1407.6,0.011366865586814436,normal_delay,3
0.0,1794.53,0.0,normal_delay,3
59.0,614.1,0.09607555772675459,normal_delay,3
42.0,614.1,0.06839276990718124,normal_delay,3
24.0,614.1,0.039081582804103565,normal_delay,3
25.0,614.1,0.04070998208760788,normal_delay,3
17.0,614.1,0.027682787819573357,normal_delay,3
14.0,614.1,0.022797589969060412,normal_delay,3
0.0,614.1,0.0,normal_delay,3
11.0,614.1,0.017912392118547466,normal_delay,3
3.0,614.1,0.004885197850512946,normal_delay,3
100.0,2583.17,0.03871212502467898,normal_delay,3
11.0,2562.53,0.004292632671617502,normal_delay,3
33.0,614.1,0.0537371763556424,normal_delay,3
35.0,614.1,0.056993974922651035,normal_delay,3
26.0,614.1,0.0423383813711122,normal_delay,3
17.0,614.1,0.027682787819573357,normal_delay,3
0.0,614.1,0.0,normal_delay,3
0.0,589.53,0.0,normal_delay,3
0.0,589.53,0.0,normal_delay,3
0.0,614.1,0.0,normal_delay,3
50.0,614.1,0.08141996417521576,normal_delay,3
37.0,614.1,0.06025077348965966,normal_delay,3
0.0,996.53,0.0,normal_delay,3
0.0,589.53,0.0,normal_delay,3
46.0,2175.6,0.021143592572164003,normal_delay,3
21.0,614.1,0.03419638495359062,normal_delay,3
10.0,614.1,0.016283992835043153,normal_delay,3
0.0,614.1,0.0,normal_delay,3
0.0,614.1,0.0,normal_delay,3
0.0,614.1,0.0,normal_delay,3
31.0,610.17,0.05080551321762788,normal_delay,3
41.0,614.1,0.06676437062367692,normal_delay,3
25.0,610.17,0.04097218807873216,normal_delay,3
15.0,614.1,0.024425989252564728,normal_delay,3
0.0,614.1,0.0,normal_delay,3
48.0,614.1,0.07816316560820713,normal_delay,3
35.0,614.1,0.056993974922651035,normal_delay,3
7.0,614.1,0.011398794984530206,normal_delay,3
27.0,1353.6,0.0199468085106383,normal_delay,3
0.0,1332.96,0.0,normal_delay,3
0.0,992.6,0.0,normal_delay,3
12.0,610.17,0.019666650277791436,normal_delay,3
0.0,614.1,0.0,normal_delay,3
71.0,1838.13,0.038626212509452536,normal_delay,3
52.0,1811.24,0.028709613303593118,normal_delay,3
47.0,1090.44,0.0431018671362019,normal_delay,3
11.0,610.17,0.01802776275464215,normal_delay,3
5.0,614.1,0.008141996417521577,normal_delay,3
0.0,589.53,0.0,normal_delay,3
0.0,614.1,0.0,normal_delay,3
0.0,614.1,0.0,normal_delay,3
0.0,614.1,0.0,normal_delay,3
8.0,1069.8,0.007478033277248084,normal_delay,3
0.0,614.1,0.0,normal_delay,3
0.0,614.1,0.0,normal_delay,3
44.0,1524.73,0.028857568225193968,normal_delay,3
0.0,861.8,0.0,normal_delay,3
0.0,589.53,0.0,normal_delay,3
0.0,614.1,0.0,normal_delay,3
0.0,614.1,0.0,normal_delay,3
35.0,841.37,0.04159882097055992,normal_delay,3
0.0,614.1,0.0,normal_delay,3
45.0,1854.6,0.024263992235522485,normal_delay,3
0.0,614.1,0.0,normal_delay,3
0.0,614.1,0.0,normal_delay,3
137.0,4026.73,0.034022643683584444,normal_delay,3
0.0,614.1,0.0,normal_delay,3
0.0,614.1,0.0,normal_delay,3
164.0,4819.36,0.03402941469406726,normal_delay,3
11.0,820.73,0.013402702472189392,normal_delay,3
0.0,614.1,0.0,normal_delay,3
0.0,614.1,0.0,normal_delay,3
27.0,2558.6,0.010552645978269366,normal_delay,3
41.0,1520.8,0.026959495002630195,normal_delay,3
0.0,1407.6,0.0,normal_delay,3
12.0,816.8,0.014691478942213516,normal_delay,3
0.0,614.1,0.0,normal_delay,3
0.0,614.1,0.0,normal_delay,3
0.0,614.1,0.0,normal_delay,3
0.0,614.1,0.0,normal_delay,3
0.0,614.1,0.0,normal_delay,3
0.0,589.53,0.0,normal_delay,3
12.0,443.3,0.027069704489059328,normal_delay,3
17.0,816.8,0.02081292850146915,normal_delay,3
12.0,614.1,0.019540791402051783,normal_delay,3
0.0,614.1,0.0,normal_delay,3
0.0,614.1,0.0,normal_delay,3
17.0,1520.8,0.01117832719621252,normal_delay,3
12.0,1013.24,0.011843196083849828,normal_delay,3
6.0,816.8,0.007345739471106758,normal_delay,3
0.0,614.1,0.0,normal_delay,3
36.0,614.1,0.05862237420615535,normal_delay,3
9.0,996.53,0.0090313387454467,normal_delay,3
24.0,614.1,0.039081582804103565,normal_delay,3
3.0,614.1,0.004885197850512946,normal_delay,3
0.0,614.1,0.0,normal_delay,3
27.0,610.17,0.04424996312503073,normal_delay,3
3.0,816.8,0.003672869735553379,normal_delay,3
53.0,2562.53,0.020682684690520696,normal_delay,3
26.0,614.1,0.0423383813711122,normal_delay,3
0.0,614.1,0.0,normal_delay,3
0.0,614.1,0.0,normal_delay,3
0.0,268.57,0.0,normal_delay,3
0.0,614.1,0.0,normal_delay,3
20.0,610.17,0.03277775046298573,normal_delay,3
36.0,1407.6,0.025575447570332484,normal_delay,3
0.0,589.53,0.0,normal_delay,3
0.0,589.53,0.0,normal_delay,3
0.0,996.53,0.0,normal_delay,3
0.0,1029.96,0.0,normal_delay,3
0.0,443.3,0.0,normal_delay,3
104.0,2994.24,0.034733354707705465,normal_delay,3
36.0,443.3,0.08120911346717798,normal_delay,3
15.0,443.3,0.03383713061132416,normal_delay,3
27.0,1374.24,0.019647223192455467,normal_delay,3
0.0,247.93,0.0,normal_delay,3
6.0,2151.6,0.002788622420524261,normal_delay,3
18.0,1407.6,0.012787723785166242,normal_delay,3
42.0,1017.17,0.04129103296400798,normal_delay,3
86.0,2583.17,0.033292427521223925,normal_delay,3
7.0,1516.8,0.0046149789029535865,normal_delay,3
2.0,1032.6,0.001936858415649816,normal_delay,3
28.0,2431.36,0.01151618847065017,normal_delay,3
2.0,1520.8,0.0013150973172014729,normal_delay,3
0.0,816.8,0.0,normal_delay,3
0.0,443.3,0.0,normal_delay,3
60.0,2952.96,0.0203185955786736,normal_delay,3
20.0,272.5,0.07339449541284404,normal_delay,3
0.0,272.5,0.0,normal_delay,3
0.0,1386.96,0.0,normal_delay,3
19.0,272.5,0.06972477064220184,normal_delay,3
26.0,1476.96,0.01760372657350233,normal_delay,3
17.0,1496.16,0.011362421131429793,normal_delay,3
42.0,2200.16,0.019089520762126392,normal_delay,3
0.0,796.16,0.0,normal_delay,3
0.0,1496.16,0.0,normal_delay,3
0.0,971.96,0.0,normal_delay,3
83.0,2175.6,0.03815039529325244,normal_delay,3
0.0,992.6,0.0,normal_delay,3
48.0,2583.17,0.01858182001184591,normal_delay,3
98.0,1545.37,0.06341523389220705,normal_delay,3
63.0,1815.17,0.034707492962091704,normal_delay,3
0.0,1353.6,0.0,normal_delay,3
0.0,272.5,0.0,normal_delay,3
65.0,2196.24,0.029596036863002224,normal_delay,3
6.0,1017.17,0.005898718994858283,normal_delay,3
0.0,1386.96,0.0,normal_delay,3
19.0,2200.16,0.008635735582866701,normal_delay,3
57.0,1545.37,0.03688437073322247,normal_delay,3
51.0,1353.6,0.03767730496453901,normal_delay,3
39.0,900.44,0.043312158500288744,normal_delay,3
0.0,1407.6,0.0,normal_delay,3
43.0,2175.6,0.01976466262180548,normal_delay,3
9.0,2319.6,0.003879979306777031,normal_delay,3
23.0,992.6,0.023171468869635302,normal_delay,3
32.0,1353.6,0.023640661938534282,normal_delay,3
0.0,1289.6,0.0,normal_delay,3
37.0,614.1,0.06025077348965966,normal_delay,3
26.0,614.1,0.0423383813711122,normal_delay,3
0.0,1029.96,0.0,normal_delay,3
9.0,610.17,0.014749987708343577,normal_delay,3
63.0,2643.24,0.023834385072865123,normal_delay,3
19.0,1310.24,0.014501160092807424,normal_delay,3
34.0,614.1,0.055365575639146715,normal_delay,3
0.0,899.0,0.0,normal_delay,3
9.0,610.17,0.014749987708343577,normal_delay,3
26.0,1811.24,0.014354806651796559,normal_delay,3
34.0,1815.17,0.018731027947795523,normal_delay,3
41.0,614.1,0.06676437062367692,normal_delay,3
0.0,610.17,0.0,normal_delay,3
4.0,882.44,0.0045328860885725936,normal_delay,3
0.0,589.53,0.0,normal_delay,3
14.0,2175.6,0.0064350064350064354,normal_delay,3
9.0,614.1,0.014655593551538837,normal_delay,3
0.0,610.17,0.0,normal_delay,3
50.0,2196.24,0.022766182202309405,normal_delay,3
1.0,614.1,0.0016283992835043153,normal_delay,3
30.0,1353.6,0.022163120567375887,normal_delay,3
0.0,1268.96,0.0,normal_delay,3
0.0,820.73,0.0,normal_delay,3
0.0,816.8,0.0,normal_delay,3
0.0,610.17,0.0,normal_delay,3
40.0,3380.6,0.011832219132698338,normal_delay,3
55.0,1582.36,0.03475820925705908,normal_delay,3
51.0,614.1,0.08304836345872008,normal_delay,3
30.0,820.73,0.03655282492415289,normal_delay,3
27.0,614.1,0.04396678065461651,normal_delay,3
3.0,1790.6,0.0016754160616553112,normal_delay,3
42.0,614.1,0.06839276990718124,normal_delay,3
33.0,614.1,0.0537371763556424,normal_delay,3
0.0,589.53,0.0,normal_delay,3
98.0,841.37,0.11647669871756777,normal_delay,3
84.0,841.37,0.0998371703293438,normal_delay,3
35.0,614.1,0.056993974922651035,normal_delay,3
33.0,614.1,0.0537371763556424,normal_delay,3
25.0,614.1,0.04070998208760788,normal_delay,3
9.0,614.1,0.014655593551538837,normal_delay,3
0.0,614.1,0.0,normal_delay,3
112.0,4996.6,0.022415242364808068,normal_delay,3
45.0,841.37,0.0534841983907199,normal_delay,3
23.0,614.1,0.03745318352059925,normal_delay,3
50.0,3681.37,0.013581900216495489,normal_delay,3
17.0,614.1,0.027682787819573357,normal_delay,3
8.0,614.1,0.013027194268034522,normal_delay,3
62.0,1838.13,0.03372993205050785,normal_delay,3
45.0,841.37,0.0534841983907199,normal_delay,3
43.0,614.1,0.07002116919068556,normal_delay,3
39.0,614.1,0.0635075720566683,normal_delay,3
33.0,614.1,0.0537371763556424,normal_delay,3
12.0,614.1,0.019540791402051783,normal_delay,3
0.0,614.1,0.0,normal_delay,3
0.0,610.17,0.0,normal_delay,3
28.0,841.37,0.033279056776447935,normal_delay,3
40.0,614.1,0.06513597134017261,normal_delay,3
24.0,614.1,0.039081582804103565,normal_delay,3
2.0,614.1,0.0032567985670086306,normal_delay,3
0.0,1582.36,0.0,normal_delay,3
3.0,841.37,0.0035656132260479933,normal_delay,3
0.0,1032.6,0.0,normal_delay,3
0.0,614.1,0.0,normal_delay,3
0.0,614.1,0.0,normal_delay,3
18.0,841.37,0.02139367935628796,normal_delay,3
43.0,614.1,0.07002116919068556,normal_delay,3
27.0,614.1,0.04396678065461651,normal_delay,3
2.0,841.37,0.0023770754840319952,normal_delay,3
26.0,614.1,0.0423383813711122,normal_delay,3
12.0,614.1,0.019540791402051783,normal_delay,3
10.0,614.1,0.016283992835043153,normal_delay,3
0.0,614.1,0.0,normal_delay,3
18.0,614.1,0.029311187103077674,normal_delay,3
12.0,614.1,0.019540791402051783,normal_delay,3
54.0,1500.16,0.03599616040955631,normal_delay,3
32.0,614.1,0.05210877707213809,normal_delay,3
4.0,614.1,0.006513597134017261,normal_delay,3
21.0,614.1,0.03419638495359062,normal_delay,3
0.0,614.1,0.0,normal_delay,3
14.0,614.1,0.022797589969060412,normal_delay,3
34.0,816.8,0.0416258570029383,normal_delay,3
38.0,614.1,0.06187917277316398,normal_delay,3
32.0,614.1,0.05210877707213809,normal_delay,3
26.0,614.1,0.0423383813711122,normal_delay,3
25.0,614.1,0.04070998208760788,normal_delay,3
0.0,614.1,0.0,normal_delay,3
0.0,614.1,0.0,normal_delay,3
67.0,1815.0,0.03691460055096419,normal_delay,3
48.0,2175.6,0.02206287920573635,normal_delay,3
43.0,2154.96,0.0199539666629543,normal_delay,3
25.0,1854.6,0.013479995686401382,normal_delay,3
30.0,614.1,0.048851978505129456,normal_delay,3
1.0,614.1,0.0016283992835043153,normal_delay,3
47.0,4026.73,0.011672001847653058,normal_delay,3
9.0,1069.8,0.008412787436904094,normal_delay,3
37.0,443.3,0.0834649221745996,normal_delay,3
0.0,614.1,0.0,normal_delay,3
11.0,2175.6,0.0050560764846479134,normal_delay,3
26.0,1794.44,0.014489199973250707,normal_delay,3
3.0,1794.53,0.0016717469198063003,normal_delay,3
48.0,614.1,0.07816316560820713,normal_delay,3
2.0,614.1,0.0032567985670086306,normal_delay,3
42.0,1090.44,0.03851656212171233,normal_delay,3
11.0,614.1,0.017912392118547466,normal_delay,3
0.0,614.1,0.0,normal_delay,3
0.0,614.1,0.0,normal_delay,3
0.0,443.3,0.0,normal_delay,3
41.0,3384.53,0.012113941965354126,normal_delay,3
37.0,2432.8,0.015208812890496547,normal_delay,3
26.0,2175.6,0.011950726236440523,normal_delay,3
51.0,2130.96,0.023932875323797724,normal_delay,3
36.0,614.1,0.05862237420615535,normal_delay,3
0.0,614.1,0.0,normal_delay,3
7.0,2154.96,0.003248320154434421,normal_delay,3
0.0,1794.53,0.0,normal_delay,3
27.0,816.8,0.03305582761998041,normal_delay,3
22.0,614.1,0.03582478423709493,normal_delay,3
2.0,614.1,0.0032567985670086306,normal_delay,3
4.0,443.3,0.009023234829686443,normal_delay,3
8.0,614.1,0.013027194268034522,normal_delay,3
3.0,614.1,0.004885197850512946,normal_delay,3
8.0,614.1,0.013027194268034522,normal_delay,3
35.0,1835.64,0.019066919439541523,normal_delay,3
0.0,1011.96,0.0,normal_delay,3
19.0,610.17,0.03113886293983644,normal_delay,3
0.0,614.1,0.0,normal_delay,3
0.0,614.1,0.0,normal_delay,3
50.0,2453.44,0.020379548715273248,normal_delay,3
2.0,1794.53,0.0011144979465375336,normal_delay,3
0.0,614.1,0.0,normal_delay,3
0.0,1268.96,0.0,normal_delay,3
3.0,610.17,0.004916662569447859,normal_delay,3
70.0,3810.8,0.018368846436443792,normal_delay,3
0.0,614.1,0.0,normal_delay,3
0.0,610.17,0.0,normal_delay,3
0.0,614.1,0.0,normal_delay,3
7.0,996.53,0.007024374579791878,normal_delay,3
0.0,614.1,0.0,normal_delay,3
0.0,796.16,0.0,normal_delay,3
0.0,614.1,0.0,normal_delay,3
0.0,614.1,0.0,normal_delay,3
97.0,2562.53,0.037853215376990705,normal_delay,3
0.0,614.1,0.0,normal_delay,3
0.0,614.1,0.0,normal_delay,3
0.0,443.3,0.0,normal_delay,3
0.0,614.1,0.0,normal_delay,3
0.0,614.1,0.0,normal_delay,3
55.0,1374.24,0.040022121317964836,normal_delay,3
78.0,2579.24,0.030241466478497545,normal_delay,3
13.0,2175.6,0.005975363118220262,normal_delay,3
31.0,1407.6,0.02202330207445297,normal_delay,3
101.0,2151.6,0.04694181074549173,normal_delay,3
35.0,443.3,0.07895330475975637,normal_delay,3
0.0,589.53,0.0,normal_delay,3
0.0,1790.6,0.0,normal_delay,3
38.0,1476.96,0.025728523453580326,normal_delay,3
0.0,2172.24,0.0,normal_delay,3
3.0,1017.17,0.0029493594974291416,normal_delay,3
0.0,1029.96,0.0,normal_delay,3
37.0,1017.17,0.036375433801626084,normal_delay,3
0.0,614.1,0.0,normal_delay,3
0.0,614.1,0.0,normal_delay,3
0.0,1268.96,0.0,normal_delay,3
0.0,614.1,0.0,normal_delay,3
26.0,272.5,0.09541284403669725,normal_delay,3
0.0,614.1,0.0,normal_delay,3
0.0,614.1,0.0,normal_delay,3
15.0,272.5,0.05504587155963303,normal_delay,3
35.0,1404.24,0.024924514328035094,normal_delay,3
16.0,1854.6,0.008627197239296884,normal_delay,3
0.0,1289.6,0.0,normal_delay,3
26.0,272.5,0.09541284403669725,normal_delay,3
0.0,614.1,0.0,normal_delay,3
5.0,272.5,0.01834862385321101,normal_delay,3
0.0,1386.96,0.0,normal_delay,3
0.0,796.16,0.0,normal_delay,3
5.0,272.5,0.01834862385321101,normal_delay,3
0.0,272.5,0.0,normal_delay,3
59.0,2151.6,0.027421453801821902,normal_delay,3
0.0,614.1,0.0,normal_delay,3
67.0,3277.93,0.020439728731241974,normal_delay,3
26.0,1794.53,0.014488473304987936,normal_delay,3
0.0,2151.6,0.0,normal_delay,3
19.0,1407.6,0.013498152884342144,normal_delay,3
0.0,971.96,0.0,normal_delay,3
0.0,589.53,0.0,normal_delay,3
0.0,589.53,0.0,normal_delay,3
0.0,1428.24,0.0,normal_delay,3
14.0,820.73,0.01705798496460468,normal_delay,3
152.0,3294.64,0.04613554136415511,normal_delay,3
57.0,1663.16,0.03427210851631833,normal_delay,3
8.0,610.17,0.013111100185194291,normal_delay,3
0.0,614.1,0.0,normal_delay,3
0.0,589.53,0.0,normal_delay,3
21.0,1032.6,0.02033701336432307,normal_delay,3
0.0,1332.96,0.0,normal_delay,3
0.0,971.96,0.0,normal_delay,3
0.0,820.73,0.0,normal_delay,3
0.0,614.1,0.0,normal_delay,3
10.0,1032.6,0.009684292078249081,normal_delay,3
6.0,610.17,0.009833325138895718,normal_delay,3
0.0,589.53,0.0,normal_delay,3
0.0,589.53,0.0,normal_delay,3
0.0,268.57,0.0,normal_delay,3
0.0,1268.96,0.0,normal_delay,3
0.0,589.53,0.0,normal_delay,3
113.0,2196.24,0.051451571777219256,normal_delay,3
17.0,1353.6,0.012559101654846336,normal_delay,3
17.0,861.8,0.01972615456022279,normal_delay,3
68.0,2175.6,0.03125574554145983,normal_delay,3
0.0,1011.96,0.0,normal_delay,3
0.0,589.53,0.0,normal_delay,3
72.0,1815.17,0.03966570624239052,normal_delay,3
24.0,614.1,0.039081582804103565,normal_delay,3
103.0,3405.17,0.03024812270753002,normal_delay,3
16.0,879.8,0.018185951352580134,normal_delay,3
0.0,614.1,0.0,normal_delay,3
89.0,2196.24,0.04052380432011074,normal_delay,3
121.0,1545.37,0.078298401030174,normal_delay,3
0.0,589.53,0.0,normal_delay,3
0.0,1332.96,0.0,normal_delay,3
37.0,614.1,0.06025077348965966,normal_delay,3
0.0,614.1,0.0,normal_delay,3
38.0,1520.8,0.024986849026827986,normal_delay,3
83.0,2196.24,0.03779186245583361,normal_delay,3
29.0,614.1,0.047223579221625143,normal_delay,3
21.0,614.1,0.03419638495359062,normal_delay,3
0.0,589.53,0.0,normal_delay,3
9.0,614.1,0.014655593551538837,normal_delay,3
58.0,1790.6,0.032391377192002684,normal_delay,3
49.0,614.1,0.07979156489171145,normal_delay,3
0.0,614.1,0.0,normal_delay,3
50.0,1815.17,0.027545629334993417,normal_delay,3
44.0,1541.44,0.028544737388416026,normal_delay,3
21.0,841.37,0.02495929258233595,normal_delay,3
19.0,1383.6,0.013732292570106969,normal_delay,3
0.0,1353.6,0.0,normal_delay,3
4.0,614.1,0.006513597134017261,normal_delay,3
115.0,3656.8,0.0314482607744476,normal_delay,3
53.0,1545.37,0.034295993839662996,normal_delay,3
49.0,614.1,0.07979156489171145,normal_delay,3
10.0,820.73,0.01218427497471763,normal_delay,3
18.0,2175.6,0.00827357970215113,normal_delay,3
13.0,1404.24,0.009257676750413035,normal_delay,3
6.0,1520.8,0.003945291951604419,normal_delay,3
45.0,841.37,0.0534841983907199,normal_delay,3
0.0,841.37,0.0,normal_delay,3
9.0,614.1,0.014655593551538837,normal_delay,3
0.0,1353.6,0.0,normal_delay,3
30.0,614.1,0.048851978505129456,normal_delay,3
24.0,614.1,0.039081582804103565,normal_delay,3
4.0,614.1,0.006513597134017261,normal_delay,3
0.0,614.1,0.0,normal_delay,3
0.0,589.53,0.0,normal_delay,3
29.0,610.17,0.047527738171329305,normal_delay,3
0.0,1353.6,0.0,normal_delay,3
13.0,614.1,0.0211691906855561,normal_delay,3
63.0,614.1,0.10258915486077186,normal_delay,3
0.0,820.73,0.0,normal_delay,3
0.0,614.1,0.0,normal_delay,3
0.0,614.1,0.0,normal_delay,3
0.0,1362.96,0.0,normal_delay,3
31.0,614.1,0.05048037778863377,normal_delay,3
29.0,614.1,0.047223579221625143,normal_delay,3
23.0,614.1,0.03745318352059925,normal_delay,3
5.0,614.1,0.008141996417521577,normal_delay,3
2.0,1545.37,0.0012941884467797358,normal_delay,3
0.0,1268.96,0.0,normal_delay,3
46.0,443.3,0.10376720054139409,normal_delay,3
32.0,443.3,0.07218587863749154,normal_delay,3
15.0,614.1,0.024425989252564728,normal_delay,3
102.0,2201.6,0.046329941860465115,normal_delay,3
23.0,614.1,0.03745318352059925,normal_delay,3
19.0,614.1,0.03093958638658199,normal_delay,3
0.0,614.1,0.0,normal_delay,3
14.0,1603.0,0.008733624454148471,normal_delay,3
8.0,614.1,0.013027194268034522,normal_delay,3
17.0,614.1,0.027682787819573357,normal_delay,3
21.0,443.3,0.047371982855853825,normal_delay,3
6.0,614.1,0.009770395701025891,normal_delay,3
0.0,816.8,0.0,normal_delay,3
7.0,443.3,0.015790660951951273,normal_delay,3
26.0,614.1,0.0423383813711122,normal_delay,3
27.0,614.1,0.04396678065461651,normal_delay,3
14.0,614.1,0.022797589969060412,normal_delay,3
2.0,837.44,0.0023882307986243787,normal_delay,3
0.0,614.1,0.0,normal_delay,3
0.0,614.1,0.0,normal_delay,3
48.0,2175.6,0.02206287920573635,normal_delay,3
11.0,1289.6,0.008529776674937966,normal_delay,3
7.0,614.1,0.011398794984530206,normal_delay,3
0.0,614.1,0.0,normal_delay,3
0.0,614.1,0.0,normal_delay,3
0.0,589.53,0.0,normal_delay,3
13.0,1838.13,0.007072405107364549,normal_delay,3
14.0,614.1,0.022797589969060412,normal_delay,3
9.0,614.1,0.014655593551538837,normal_delay,3
0.0,614.1,0.0,normal_delay,3
0.0,2154.96,0.0,normal_delay,3
51.0,837.44,0.06089988536492166,normal_delay,3
4.0,614.1,0.006513597134017261,normal_delay,3
0.0,614.1,0.0,normal_delay,3
18.0,1353.6,0.013297872340425532,normal_delay,3
11.0,996.53,0.011038302911101522,normal_delay,3
21.0,610.17,0.034416637986135014,normal_delay,3
45.0,614.1,0.07327796775769418,normal_delay,3
39.0,614.1,0.0635075720566683,normal_delay,3
34.0,614.1,0.055365575639146715,normal_delay,3
52.0,841.37,0.06180396258483188,normal_delay,3
31.0,614.1,0.05048037778863377,normal_delay,3
0.0,614.1,0.0,normal_delay,3
0.0,610.17,0.0,normal_delay,3
0.0,589.53,0.0,normal_delay,3
37.0,996.53,0.037128837064614215,normal_delay,3
35.0,443.3,0.07895330475975637,normal_delay,3
3.0,610.17,0.004916662569447859,normal_delay,3
21.0,614.1,0.03419638495359062,normal_delay,3
0.0,614.1,0.0,normal_delay,3
14.0,443.3,0.031581321903902546,normal_delay,3
0.0,614.1,0.0,normal_delay,3
0.0,589.53,0.0,normal_delay,3
0.0,247.93,0.0,normal_delay,3
40.0,1310.24,0.030528758090120893,normal_delay,3
7.0,1289.6,0.005428039702233251,normal_delay,3
11.0,614.1,0.017912392118547466,normal_delay,3
9.0,614.1,0.014655593551538837,normal_delay,3
3.0,614.1,0.004885197850512946,normal_delay,3
36.0,841.37,0.04278735871257592,normal_delay,3
0.0,610.17,0.0,normal_delay,3
0.0,614.1,0.0,normal_delay,3
0.0,614.1,0.0,normal_delay,3
0.0,443.3,0.0,normal_delay,3
0.0,614.1,0.0,normal_delay,3
0.0,614.1,0.0,normal_delay,3
77.0,2432.8,0.031650772772114436,normal_delay,3
22.0,1289.6,0.017059553349875932,normal_delay,3
0.0,272.5,0.0,normal_delay,3
0.0,1520.8,0.0,normal_delay,3
0.0,971.96,0.0,normal_delay,3
53.0,1794.53,0.02953419558324464,normal_delay,3
32.0,272.5,0.11743119266055047,normal_delay,3
95.0,1815.17,0.05233669573648749,normal_delay,3
29.0,992.6,0.02921619987910538,normal_delay,3
0.0,614.1,0.0,normal_delay,3
18.0,272.5,0.06605504587155964,normal_delay,3
0.0,1407.6,0.0,normal_delay,3
34.0,268.57,0.12659641806605354,normal_delay,3
123.0,3405.17,0.03612154459248731,normal_delay,3
69.0,1815.17,0.03801296848229092,normal_delay,3
30.0,1353.6,0.022163120567375887,normal_delay,3
0.0,1407.6,0.0,normal_delay,3
32.0,610.17,0.052444400740777164,normal_delay,3
0.0,796.16,0.0,normal_delay,3
0.0,614.1,0.0,normal_delay,3
27.0,614.1,0.04396678065461651,normal_delay,3
83.0,3791.6,0.02189049477793016,normal_delay,3
0.0,1407.6,0.0,normal_delay,3
28.0,610.17,0.04588885064818002,normal_delay,3
0.0,614.1,0.0,normal_delay,3
0.0,614.1,0.0,normal_delay,3
0.0,614.1,0.0,normal_delay,3
38.0,1017.17,0.03735855363410246,normal_delay,3
43.0,992.6,0.04332057223453556,normal_delay,3
0.0,614.1,0.0,normal_delay,3
23.0,1374.24,0.016736523460239842,normal_delay,3
31.0,614.1,0.05048037778863377,normal_delay,3
12.0,614.1,0.019540791402051783,normal_delay,3
0.0,614.1,0.0,normal_delay,3
0.0,614.1,0.0,normal_delay,3
42.0,820.73,0.051173954893814044,normal_delay,3
12.0,992.6,0.012089462018940157,normal_delay,3
0.0,247.93,0.0,normal_delay,3
0.0,272.5,0.0,normal_delay,3
70.0,2558.6,0.027358711795513174,normal_delay,3
23.0,1794.53,0.012816726385181635,normal_delay,3
20.0,614.1,0.03256798567008631,normal_delay,3
9.0,614.1,0.014655593551538837,normal_delay,3
0.0,614.1,0.0,normal_delay,3
0.0,614.1,0.0,normal_delay,3
32.0,2180.96,0.014672437825544714,normal_delay,3
39.0,2201.6,0.01771438953488372,normal_delay,3
0.0,992.6,0.0,normal_delay,3
0.0,589.53,0.0,normal_delay,3
32.0,1383.6,0.023128071697022263,normal_delay,3
0.0,614.1,0.0,normal_delay,3
0.0,589.53,0.0,normal_delay,3
0.0,614.1,0.0,normal_delay,3
0.0,1383.6,0.0,normal_delay,3
2.0,610.17,0.0032777750462985727,normal_delay,3
0.0,247.93,0.0,normal_delay,3
18.0,2201.6,0.008175872093023256,normal_delay,3
14.0,610.17,0.02294442532409001,normal_delay,3
0.0,589.53,0.0,normal_delay,3
60.0,2338.8,0.02565418163160595,normal_delay,3
31.0,1790.6,0.01731263263710488,normal_delay,3
0.0,247.93,0.0,normal_delay,3
0.0,816.8,0.0,normal_delay,3
0.0,1362.96,0.0,normal_delay,3
0.0,1407.6,0.0,normal_delay,3
0.0,610.17,0.0,normal_delay,3
0.0,268.57,0.0,normal_delay,3
0.0,247.93,0.0,normal_delay,3
0.0,1353.6,0.0,normal_delay,3
0.0,589.53,0.0,normal_delay,3
42.0,1017.17,0.04129103296400798,normal_delay,3
26.0,1017.17,0.025561115644385894,normal_delay,3
1.0,1769.96,0.0005649845194241678,normal_delay,3
0.0,1013.24,0.0,normal_delay,3
65.0,1524.73,0.04263049851449109,normal_delay,3
10.0,1407.6,0.007104290991759023,normal_delay,3
9.0,614.1,0.014655593551538837,normal_delay,3
0.0,614.1,0.0,normal_delay,3
38.0,614.1,0.06187917277316398,normal_delay,3
22.0,820.73,0.026805404944378785,normal_delay,3
0.0,614.1,0.0,normal_delay,3
4.0,614.1,0.006513597134017261,normal_delay,3
0.0,614.1,0.0,normal_delay,3
0.0,589.53,0.0,normal_delay,3
0.0,1289.6,0.0,normal_delay,3
19.0,996.53,0.019066159573720813,normal_delay,3
20.0,614.1,0.03256798567008631,normal_delay,3
77.0,2005.0,0.038403990024937655,normal_delay,3
4.0,996.53,0.004013928331309645,normal_delay,3
4.0,820.73,0.004873709989887052,normal_delay,3
23.0,1545.37,0.01488316713796696,normal_delay,3
26.0,614.1,0.0423383813711122,normal_delay,3
41.0,614.1,0.06676437062367692,normal_delay,3
57.0,1428.24,0.039909258948075954,normal_delay,3
28.0,614.1,0.045595179938120824,normal_delay,3
48.0,1815.17,0.026443804161593677,normal_delay,3
23.0,614.1,0.03745318352059925,normal_delay,3
0.0,614.1,0.0,normal_delay,3
0.0,614.1,0.0,normal_delay,3
69.0,1518.24,0.04544736010116977,normal_delay,3
12.0,1017.17,0.011797437989716567,normal_delay,3
0.0,614.1,0.0,normal_delay,3
0.0,614.1,0.0,normal_delay,3
17.0,614.1,0.027682787819573357,normal_delay,3
126.0,2241.44,0.056213862516953386,normal_delay,3
24.0,2201.6,0.010901162790697675,normal_delay,3
31.0,1537.44,0.020163388489957332,normal_delay,3
3.0,1353.6,0.002216312056737589,normal_delay,3
19.0,1310.24,0.014501160092807424,normal_delay,3
0.0,614.1,0.0,normal_delay,3
0.0,589.53,0.0,normal_delay,3
7.0,443.3,0.015790660951951273,normal_delay,3
73.0,1815.17,0.04021661882909039,normal_delay,3
0.0,589.53,0.0,normal_delay,3
0.0,1032.6,0.0,normal_delay,3
31.0,443.3,0.06993006993006994,normal_delay,3
0.0,589.53,0.0,normal_delay,3
121.0,2196.24,0.055094160929588756,normal_delay,3
29.0,1520.8,0.019068911099421357,normal_delay,3
25.0,610.17,0.04097218807873216,normal_delay,3
0.0,614.1,0.0,normal_delay,3
0.0,247.93,0.0,normal_delay,3
28.0,1545.37,0.0181186382549163,normal_delay,3
0.0,1017.17,0.0,normal_delay,3
0.0,1050.6,0.0,normal_delay,3
0.0,1017.17,0.0,normal_delay,3
0.0,610.17,0.0,normal_delay,3
26.0,1811.24,0.014354806651796559,normal_delay,3
12.0,816.8,0.014691478942213516,normal_delay,3
0.0,614.1,0.0,normal_delay,3
1.0,1383.6,0.0007227522405319457,normal_delay,3
4.0,1032.6,0.003873716831299632,normal_delay,3
0.0,614.1,0.0,normal_delay,3
86.0,3359.96,0.025595542804081002,normal_delay,3
55.0,1815.17,0.030300192268492756,normal_delay,3
0.0,1353.6,0.0,normal_delay,3
21.0,614.1,0.03419638495359062,normal_delay,3
0.0,614.1,0.0,normal_delay,3
0.0,443.3,0.0,normal_delay,3
10.0,816.8,0.012242899118511265,normal_delay,3
23.0,1545.37,0.01488316713796696,normal_delay,3
0.0,1353.6,0.0,normal_delay,3
30.0,614.1,0.048851978505129456,normal_delay,3
0.0,614.1,0.0,normal_delay,3
33.0,2196.24,0.015025680253524206,normal_delay,3
1.0,1289.6,0.0007754342431761787,normal_delay,3
41.0,614.1,0.06676437062367692,normal_delay,3
10.0,1407.6,0.007104290991759023,normal_delay,3
29.0,614.1,0.047223579221625143,normal_delay,3
14.0,443.3,0.031581321903902546,normal_delay,3
100.0,2319.6,0.04311088118641145,normal_delay,3
31.0,1815.17,0.017078290187695917,normal_delay,3
35.0,614.1,0.056993974922651035,normal_delay,3
20.0,614.1,0.03256798567008631,normal_delay,3
0.0,971.96,0.0,normal_delay,3
16.0,614.1,0.026054388536069045,normal_delay,3
25.0,2154.96,0.01160114340869436,normal_delay,3
0.0,837.44,0.0,normal_delay,3
20.0,614.1,0.03256798567008631,normal_delay,3
0.0,589.53,0.0,normal_delay,3
67.0,1603.0,0.041796631316281974,normal_delay,3
57.0,1017.17,0.056037830451153695,normal_delay,3
6.0,614.1,0.009770395701025891,normal_delay,3
57.0,2562.53,0.022243642025654334,normal_delay,3
10.0,614.1,0.016283992835043153,normal_delay,3
109.0,3087.6,0.03530250032387615,normal_delay,3
67.0,3399.96,0.0197061141895787,normal_delay,3
37.0,1815.17,0.020383765707895126,normal_delay,3
0.0,614.1,0.0,normal_delay,3
0.0,614.1,0.0,normal_delay,3
36.0,1497.6,0.02403846153846154,normal_delay,3
49.0,614.1,0.07979156489171145,normal_delay,3
43.0,614.1,0.07002116919068556,normal_delay,3
50.0,1838.13,0.027201558105248266,normal_delay,3
20.0,2175.6,0.00919286633572348,normal_delay,3
32.0,1769.96,0.01807950462157337,normal_delay,3
0.0,247.93,0.0,normal_delay,3
27.0,614.1,0.04396678065461651,normal_delay,3
25.0,272.5,0.09174311926605505,normal_delay,3
13.0,272.5,0.047706422018348627,normal_delay,3
179.0,5275.5,0.03393043313430007,normal_delay,3
60.0,2220.8,0.02701729106628242,normal_delay,3
70.0,1794.53,0.03900742812881367,normal_delay,3
0.0,1407.6,0.0,normal_delay,3
30.0,614.1,0.048851978505129456,normal_delay,3
13.0,614.1,0.0211691906855561,normal_delay,3
29.0,614.1,0.047223579221625143,normal_delay,3
0.0,614.1,0.0,normal_delay,3
52.0,2175.6,0.023901452472881047,normal_delay,3
24.0,614.1,0.039081582804103565,normal_delay,3
0.0,996.53,0.0,normal_delay,3
16.0,614.1,0.026054388536069045,normal_delay,3
0.0,614.1,0.0,normal_delay,3
2.0,272.5,0.007339449541284404,normal_delay,3
0.0,1386.96,0.0,normal_delay,3
0.0,1332.96,0.0,normal_delay,3
0.0,589.53,0.0,normal_delay,3
0.0,614.1,0.0,normal_delay,3
0.0,614.1,0.0,normal_delay,3
7.0,614.1,0.011398794984530206,normal_delay,3
5.0,614.1,0.008141996417521577,normal_delay,3
50.0,841.37,0.05942688710079989,normal_delay,3
0.0,1268.96,0.0,normal_delay,3
35.0,610.17,0.05736106331022502,normal_delay,3
7.0,614.1,0.011398794984530206,normal_delay,3
5.0,614.1,0.008141996417521577,normal_delay,3
0.0,614.1,0.0,normal_delay,3
100.0,3831.53,0.026099234509451837,normal_delay,3
0.0,614.1,0.0,normal_delay,3
54.0,1794.53,0.030091444556513407,normal_delay,3
0.0,589.53,0.0,normal_delay,3
13.0,1854.6,0.007009597756928718,normal_delay,3
27.0,614.1,0.04396678065461651,normal_delay,3
23.0,610.17,0.03769441303243359,normal_delay,3
0.0,614.1,0.0,normal_delay,3
0.0,268.57,0.0,normal_delay,3
20.0,1794.53,0.011144979465375335,normal_delay,3
49.0,614.1,0.07979156489171145,normal_delay,3
26.0,610.17,0.042611075601881446,normal_delay,3
15.0,614.1,0.024425989252564728,normal_delay,3
0.0,614.1,0.0,normal_delay,3
57.0,1811.24,0.031470153044323226,normal_delay,3
18.0,610.17,0.029499975416687155,normal_delay,3
0.0,971.96,0.0,normal_delay,3
43.0,816.8,0.05264446620959844,normal_delay,3
108.0,3044.24,0.03547683494074055,normal_delay,3
59.0,3380.6,0.01745252322073005,normal_delay,3
10.0,610.17,0.016388875231492864,normal_delay,3
0.0,614.1,0.0,normal_delay,3
0.0,614.1,0.0,normal_delay,3
40.0,2201.6,0.018168604651162792,normal_delay,3
50.0,841.37,0.05942688710079989,normal_delay,3
108.0,2472.44,0.043681545356004596,normal_delay,3
0.0,614.1,0.0,normal_delay,3
0.0,878.36,0.0,normal_delay,3
0.0,614.1,0.0,normal_delay,3
16.0,861.8,0.018565792527268508,normal_delay,3
75.0,2558.6,0.029312905495192686,normal_delay,3
5.0,1428.24,0.003500812188427715,normal_delay,3
5.0,841.37,0.0059426887100799885,normal_delay,3
0.0,247.93,0.0,normal_delay,3
0.0,614.1,0.0,normal_delay,3
40.0,2201.6,0.018168604651162792,normal_delay,3
0.0,614.1,0.0,normal_delay,3
97.0,3274.0,0.029627367135003056,normal_delay,3
22.0,820.73,0.026805404944378785,normal_delay,3
39.0,614.1,0.0635075720566683,normal_delay,3
3.0,614.1,0.004885197850512946,normal_delay,3
0.0,614.1,0.0,normal_delay,3
45.0,1013.24,0.04441198531443685,normal_delay,3
0.0,589.53,0.0,normal_delay,3
0.0,614.1,0.0,normal_delay,3
30.0,882.44,0.03399664566429445,normal_delay,3
7.0,614.1,0.011398794984530206,normal_delay,3
0.0,614.1,0.0,normal_delay,3
49.0,2562.53,0.019121727355387058,normal_delay,3
0.0,796.16,0.0,normal_delay,3
0.0,861.8,0.0,normal_delay,3
0.0,614.1,0.0,normal_delay,3
0.0,614.1,0.0,normal_delay,3
22.0,1013.24,0.021712526153724685,normal_delay,3
0.0,614.1,0.0,normal_delay,3
0.0,614.1,0.0,normal_delay,3
0.0,589.53,0.0,normal_delay,3
43.0,992.6,0.04332057223453556,normal_delay,3
0.0,589.53,0.0,normal_delay,3
56.0,2359.44,0.023734445461634963,normal_delay,3
31.0,1017.17,0.030476714806767797,normal_delay,3
18.0,610.17,0.029499975416687155,normal_delay,3
0.0,1404.24,0.0,normal_delay,3
90.0,2562.53,0.03512154004050684,normal_delay,3
54.0,1545.37,0.034943088063052866,normal_delay,3
39.0,1353.6,0.028812056737588656,normal_delay,3
40.0,996.53,0.04013928331309644,normal_delay,3
29.0,1017.17,0.028510475141815036,normal_delay,3
40.0,614.1,0.06513597134017261,normal_delay,3
0.0,610.17,0.0,normal_delay,3
52.0,2172.24,0.023938423010348767,normal_delay,3
15.0,614.1,0.024425989252564728,normal_delay,3
0.0,614.1,0.0,normal_delay,3
1.0,1545.37,0.0006470942233898679,normal_delay,3
12.0,1017.17,0.011797437989716567,normal_delay,3
40.0,614.1,0.06513597134017261,normal_delay,3
0.0,610.17,0.0,normal_delay,3
84.0,2952.96,0.028446033810143042,normal_delay,3
29.0,614.1,0.047223579221625143,normal_delay,3
0.0,589.53,0.0,normal_delay,3
10.0,996.53,0.01003482082827411,normal_delay,3
32.0,614.1,0.05210877707213809,normal_delay,3
9.0,268.57,0.03351081654689653,normal_delay,3
0.0,1332.96,0.0,normal_delay,3
13.0,996.53,0.013045267076756345,normal_delay,3
0.0,996.53,0.0,normal_delay,3
22.0,614.1,0.03582478423709493,normal_delay,3
18.0,614.1,0.029311187103077674,normal_delay,3
42.0,2338.8,0.017957927142124165,normal_delay,3
0.0,589.53,0.0,normal_delay,3
74.0,2562.53,0.02887771069997229,normal_delay,3
0.0,1017.17,0.0,normal_delay,3
0.0,1017.17,0.0,normal_delay,3
26.0,1032.6,0.02517915940344761,normal_delay,3
42.0,443.3,0.09474396571170765,normal_delay,3
19.0,443.3,0.0428603654410106,normal_delay,3
0.0,614.1,0.0,normal_delay,3
0.0,614.1,0.0,normal_delay,3
7.0,1520.8,0.004602840610205155,normal_delay,3
13.0,1090.44,0.011921793037672865,normal_delay,3
19.0,614.1,0.03093958638658199,normal_delay,3
20.0,614.1,0.03256798567008631,normal_delay,3
3.0,614.1,0.004885197850512946,normal_delay,3
0.0,614.1,0.0,normal_delay,3
0.0,996.53,0.0,normal_delay,3
0.0,614.1,0.0,normal_delay,3
0.0,614.1,0.0,normal_delay,3
0.0,1386.96,0.0,normal_delay,3
0.0,589.53,0.0,normal_delay,3
64.0,5000.53,0.012798643343805557,normal_delay,3
0.0,443.3,0.0,normal_delay,3
73.0,1310.24,0.05571498351447063,normal_delay,3
0.0,2172.24,0.0,normal_delay,3
0.0,614.1,0.0,normal_delay,3
51.0,1524.73,0.03344854498829301,normal_delay,3
20.0,1428.24,0.01400324875371086,normal_delay,3
0.0,1383.6,0.0,normal_delay,3
0.0,1353.6,0.0,normal_delay,3
14.0,1032.6,0.013558008909548714,normal_delay,3
28.0,614.1,0.045595179938120824,normal_delay,3
0.0,1011.96,0.0,normal_delay,3
5.0,614.1,0.008141996417521577,normal_delay,3
0.0,1769.96,0.0,normal_delay,3
0.0,614.1,0.0,normal_delay,3
0.0,614.1,0.0,normal_delay,3
0.0,1383.6,0.0,normal_delay,3
0.0,443.3,0.0,normal_delay,3
39.0,2175.6,0.017926089354660783,normal_delay,3
40.0,2537.96,0.015760689687780736,normal_delay,3
52.0,1815.17,0.028647454508393153,normal_delay,3
65.0,1524.73,0.04263049851449109,normal_delay,3
31.0,1815.17,0.017078290187695917,normal_delay,3
32.0,1524.73,0.020987322345595614,normal_delay,3
0.0,1794.53,0.0,normal_delay,3
0.0,1332.96,0.0,normal_delay,3
30.0,610.17,0.04916662569447859,normal_delay,3
122.0,1815.17,0.06721133557738393,normal_delay,3
0.0,1545.37,0.0,normal_delay,3
8.0,610.17,0.013111100185194291,normal_delay,3
0.0,443.3,0.0,normal_delay,3
0.0,1428.24,0.0,normal_delay,3
0.0,589.53,0.0,normal_delay,3
94.0,1518.24,0.06191379492043419,normal_delay,3
14.0,1383.6,0.01011853136744724,normal_delay,3
41.0,1524.73,0.02689000675529438,normal_delay,3
32.0,443.3,0.07218587863749154,normal_delay,3
35.0,2175.6,0.016087516087516088,normal_delay,3
20.0,272.5,0.07339449541284404,normal_delay,3
47.0,1050.6,0.04473634113839711,normal_delay,3
0.0,796.16,0.0,normal_delay,3
7.0,272.5,0.025688073394495414,normal_delay,3
127.0,3108.24,0.040859135716675675,normal_delay,3
0.0,589.53,0.0,normal_delay,3
21.0,2340.24,0.00897343862167983,normal_delay,3
40.0,1497.6,0.02670940170940171,normal_delay,3
0.0,971.96,0.0,normal_delay,3
3.0,610.17,0.004916662569447859,normal_delay,3
0.0,589.53,0.0,normal_delay,3
0.0,614.1,0.0,normal_delay,3
51.0,2175.6,0.02344180915609487,normal_delay,3
34.0,614.1,0.055365575639146715,normal_delay,3
31.0,614.1,0.05048037778863377,normal_delay,3
0.0,272.5,0.0,normal_delay,3
22.0,1769.96,0.01242965942733169,normal_delay,3
35.0,614.1,0.056993974922651035,normal_delay,3
0.0,614.1,0.0,normal_delay,3
68.0,3087.6,0.02202357818370255,normal_delay,3
25.0,2154.96,0.01160114340869436,normal_delay,3
27.0,1811.24,0.01490691459994258,normal_delay,3
15.0,1407.6,0.010656436487638534,normal_delay,3
21.0,614.1,0.03419638495359062,normal_delay,3
12.0,614.1,0.019540791402051783,normal_delay,3
13.0,614.1,0.0211691906855561,normal_delay,3
0.0,614.1,0.0,normal_delay,3
27.0,614.1,0.04396678065461651,normal_delay,3
3.0,614.1,0.004885197850512946,normal_delay,3
34.0,614.1,0.055365575639146715,normal_delay,3
33.0,614.1,0.0537371763556424,normal_delay,3
10.0,614.1,0.016283992835043153,normal_delay,3
0.0,614.1,0.0,normal_delay,3
30.0,1769.96,0.016949535582725033,normal_delay,3
8.0,614.1,0.013027194268034522,normal_delay,3
0.0,589.53,0.0,normal_delay,3
0.0,610.17,0.0,normal_delay,3
0.0,614.1,0.0,normal_delay,3
3.0,1032.6,0.0029052876234747244,normal_delay,3
0.0,272.5,0.0,normal_delay,3
0.0,247.93,0.0,normal_delay,3
49.0,614.1,0.07979156489171145,normal_delay,3
0.0,816.8,0.0,normal_delay,3
0.0,1386.96,0.0,normal_delay,3
40.0,614.1,0.06513597134017261,normal_delay,3
27.0,614.1,0.04396678065461651,normal_delay,3
0.0,614.1,0.0,normal_delay,3
11.0,614.1,0.017912392118547466,normal_delay,3
0.0,796.16,0.0,normal_delay,3
8.0,614.1,0.013027194268034522,normal_delay,3
35.0,614.1,0.056993974922651035,normal_delay,3
73.0,3831.53,0.01905244119189984,normal_delay,3
39.0,882.44,0.04419563936358279,normal_delay,3
10.0,1353.6,0.007387706855791962,normal_delay,3
0.0,1407.6,0.0,normal_delay,3
35.0,614.1,0.056993974922651035,normal_delay,3
7.0,614.1,0.011398794984530206,normal_delay,3
8.0,614.1,0.013027194268034522,normal_delay,3
0.0,614.1,0.0,normal_delay,3
41.0,614.1,0.06676437062367692,normal_delay,3
32.0,614.1,0.05210877707213809,normal_delay,3
28.0,614.1,0.045595179938120824,normal_delay,3
13.0,614.1,0.0211691906855561,normal_delay,3
32.0,1683.8,0.019004632379142416,normal_delay,3
0.0,820.73,0.0,normal_delay,3
0.0,614.1,0.0,normal_delay,3
25.0,1407.6,0.017760727479397557,normal_delay,3
29.0,1013.24,0.028621057202637086,normal_delay,3
12.0,996.53,0.012041784993928934,normal_delay,3
14.0,614.1,0.022797589969060412,normal_delay,3
0.0,861.8,0.0,normal_delay,3
9.0,1353.6,0.006648936170212766,normal_delay,3
6.0,1407.6,0.004262574595055414,normal_delay,3
19.0,610.17,0.03113886293983644,normal_delay,3
0.0,614.1,0.0,normal_delay,3
0.0,614.1,0.0,normal_delay,3
0.0,1383.6,0.0,normal_delay,3
0.0,614.1,0.0,normal_delay,3
0.0,247.93,0.0,normal_delay,3
0.0,796.16,0.0,normal_delay,3
0.0,614.1,0.0,normal_delay,3
0.0,1017.17,0.0,normal_delay,3
0.0,861.8,0.0,normal_delay,3
0.0,614.1,0.0,normal_delay,3
0.0,614.1,0.0,normal_delay,3
0.0,614.1,0.0,normal_delay,3
0.0,614.1,0.0,normal_delay,3
84.0,2029.57,0.04138807727745286,normal_delay,3
0.0,614.1,0.0,normal_delay,3
0.0,589.53,0.0,normal_delay,3
0.0,1332.96,0.0,normal_delay,3
0.0,614.1,0.0,normal_delay,3
53.0,841.37,0.06299250032684788,normal_delay,3
0.0,1011.96,0.0,normal_delay,3
82.0,2579.24,0.03179231091329229,normal_delay,3
0.0,610.17,0.0,normal_delay,3
88.0,2029.57,0.04335893810018871,normal_delay,3
38.0,1428.24,0.026606172632050635,normal_delay,3
27.0,1353.6,0.0199468085106383,normal_delay,3
0.0,1769.96,0.0,normal_delay,3
20.0,1289.6,0.015508684863523574,normal_delay,3
0.0,1407.6,0.0,normal_delay,3
0.0,589.53,0.0,normal_delay,3
29.0,841.37,0.034467594518463936,normal_delay,3
0.0,614.1,0.0,normal_delay,3
0.0,614.1,0.0,normal_delay,3
0.0,610.17,0.0,normal_delay,3
0.0,996.53,0.0,normal_delay,3
0.0,820.73,0.0,normal_delay,3
0.0,841.37,0.0,normal_delay,3
41.0,1310.24,0.031291977042373915,normal_delay,3
29.0,816.8,0.03550440744368267,normal_delay,3
20.0,816.8,0.02448579823702253,normal_delay,3
0.0,614.1,0.0,normal_delay,3
0.0,614.1,0.0,normal_delay,3
0.0,1404.24,0.0,normal_delay,3
0.0,1032.6,0.0,normal_delay,3
20.0,443.3,0.04511617414843221,normal_delay,3
19.0,1289.6,0.014733250620347395,normal_delay,3
28.0,268.57,0.10425587370145586,normal_delay,3
0.0,247.93,0.0,normal_delay,3
29.0,443.3,0.06541845251522671,normal_delay,3
64.0,1839.57,0.03479073914012514,normal_delay,3
61.0,841.37,0.07250080226297587,normal_delay,3
0.0,1362.96,0.0,normal_delay,3
31.0,841.37,0.03684467000249593,normal_delay,3
3.0,1289.6,0.0023263027295285362,normal_delay,3
6.0,1017.17,0.005898718994858283,normal_delay,3
94.0,2952.96,0.03183246640658864,normal_delay,3
0.0,1332.96,0.0,normal_delay,3
0.0,1407.6,0.0,normal_delay,3
108.0,2583.17,0.041809095026653295,normal_delay,3
0.0,614.1,0.0,normal_delay,3
153.0,2432.8,0.06289049654718842,normal_delay,3
0.0,1353.6,0.0,normal_delay,3
0.0,614.1,0.0,normal_delay,3
2.0,899.0,0.002224694104560623,normal_delay,3
32.0,2130.96,0.01501670608552014,normal_delay,3
29.0,610.17,0.047527738171329305,normal_delay,3
0.0,1604.44,0.0,normal_delay,3
22.0,816.8,0.02693437806072478,normal_delay,3
91.0,2151.6,0.042294106711284626,normal_delay,3
17.0,899.0,0.018909899888765295,normal_delay,3
42.0,614.1,0.06839276990718124,normal_delay,3
0.0,247.93,0.0,normal_delay,3
158.0,4002.16,0.039478681511983534,normal_delay,3
88.0,2562.53,0.03434106137294002,normal_delay,3
66.0,2562.53,0.025755796029705017,normal_delay,3
10.0,992.6,0.01007455168245013,normal_delay,3
0.0,614.1,0.0,normal_delay,3
10.0,443.3,0.022558087074216106,normal_delay,3
16.0,1407.6,0.011366865586814436,normal_delay,3
0.0,268.57,0.0,normal_delay,3
39.0,2537.96,0.015366672445586219,normal_delay,3
27.0,610.17,0.04424996312503073,normal_delay,3
0.0,589.53,0.0,normal_delay,3
32.0,614.1,0.05210877707213809,normal_delay,3
31.0,614.1,0.05048037778863377,normal_delay,3
31.0,614.1,0.05048037778863377,normal_delay,3
0.0,589.53,0.0,normal_delay,3
40.0,614.1,0.06513597134017261,normal_delay,3
11.0,610.17,0.01802776275464215,normal_delay,3
0.0,589.53,0.0,normal_delay,3
0.0,614.1,0.0,normal_delay,3
54.0,2973.6,0.018159806295399518,normal_delay,3
32.0,443.3,0.07218587863749154,normal_delay,3
20.0,614.1,0.03256798567008631,normal_delay,3
31.0,614.1,0.05048037778863377,normal_delay,3
26.0,614.1,0.0423383813711122,normal_delay,3
0.0,443.3,0.0,normal_delay,3
51.0,861.8,0.05917846368066837,normal_delay,3
0.0,614.1,0.0,normal_delay,3
24.0,1032.6,0.023242300987797795,normal_delay,3
38.0,614.1,0.06187917277316398,normal_delay,3
5.0,614.1,0.008141996417521577,normal_delay,3
6.0,614.1,0.009770395701025891,normal_delay,3
0.0,610.17,0.0,normal_delay,3
80.0,2175.6,0.03677146534289392,normal_delay,3
0.0,796.16,0.0,normal_delay,3
0.0,610.17,0.0,normal_delay,3
0.0,1790.6,0.0,normal_delay,3
0.0,992.6,0.0,normal_delay,3
11.0,272.5,0.04036697247706422,normal_delay,3
0.0,1383.6,0.0,normal_delay,3
35.0,272.5,0.12844036697247707,normal_delay,3
0.0,268.57,0.0,normal_delay,3
22.0,1811.24,0.012146374859212473,normal_delay,3
42.0,614.1,0.06839276990718124,normal_delay,3
61.0,2196.24,0.027774742286817474,normal_delay,3
24.0,2130.96,0.011262529564140106,normal_delay,3
10.0,614.1,0.016283992835043153,normal_delay,3
0.0,614.1,0.0,normal_delay,3
0.0,614.1,0.0,normal_delay,3
129.0,3401.24,0.0379273441450765,normal_delay,3
22.0,3359.96,0.006547696996392814,normal_delay,3
30.0,2220.8,0.01350864553314121,normal_delay,3
52.0,1053.24,0.04937146329421594,normal_delay,3
16.0,2241.44,0.007138268256121065,normal_delay,3
0.0,614.1,0.0,normal_delay,3
34.0,1815.17,0.018731027947795523,normal_delay,3
21.0,2196.24,0.00956179652496995,normal_delay,3
30.0,1353.6,0.022163120567375887,normal_delay,3
6.0,1790.6,0.0033508321233106223,normal_delay,3
3.0,1428.24,0.002100487313056629,normal_delay,3
0.0,614.1,0.0,normal_delay,3
0.0,589.53,0.0,normal_delay,3
0.0,614.1,0.0,normal_delay,3
27.0,1383.6,0.019514310494362534,normal_delay,3
5.0,1032.6,0.004842146039124541,normal_delay,3
15.0,614.1,0.024425989252564728,normal_delay,3
0.0,272.5,0.0,normal_delay,3
57.0,1524.73,0.03738366792809219,normal_delay,3
55.0,614.1,0.08956196059273734,normal_delay,3
0.0,1332.96,0.0,normal_delay,3
16.0,820.73,0.019494839959548208,normal_delay,3
30.0,1815.17,0.01652737760099605,normal_delay,3
0.0,1386.96,0.0,normal_delay,3
0.0,614.1,0.0,normal_delay,3
28.0,614.1,0.045595179938120824,normal_delay,3
21.0,614.1,0.03419638495359062,normal_delay,3
46.0,2175.6,0.021143592572164003,normal_delay,3
65.0,1374.24,0.0472988706485039,normal_delay,3
25.0,614.1,0.04070998208760788,normal_delay,3
25.0,614.1,0.04070998208760788,normal_delay,3
4.0,614.1,0.006513597134017261,normal_delay,3
0.0,589.53,0.0,normal_delay,3
38.0,614.1,0.06187917277316398,normal_delay,3
30.0,614.1,0.048851978505129456,normal_delay,3
30.0,614.1,0.048851978505129456,normal_delay,3
0.0,796.16,0.0,normal_delay,3
19.0,2154.96,0.008816868990607714,normal_delay,3
20.0,1353.6,0.014775413711583925,normal_delay,3
0.0,268.57,0.0,normal_delay,3
37.0,816.8,0.045298726738491675,normal_delay,3
30.0,614.1,0.048851978505129456,normal_delay,3
0.0,878.36,0.0,normal_delay,3
8.0,614.1,0.013027194268034522,normal_delay,3
0.0,614.1,0.0,normal_delay,3
28.0,614.1,0.045595179938120824,normal_delay,3
7.0,614.1,0.011398794984530206,normal_delay,3
47.0,1811.24,0.02594907356286301,normal_delay,3
16.0,2175.6,0.007354293068578783,normal_delay,3
0.0,614.1,0.0,normal_delay,3
16.0,1545.37,0.010353507574237886,normal_delay,3
0.0,1353.6,0.0,normal_delay,3
25.0,614.1,0.04070998208760788,normal_delay,3
12.0,614.1,0.019540791402051783,normal_delay,3
4.0,614.1,0.006513597134017261,normal_delay,3
0.0,614.1,0.0,normal_delay,3
36.0,1811.24,0.019875886133256773,normal_delay,3
4.0,1815.17,0.0022036503467994734,normal_delay,3
15.0,614.1,0.024425989252564728,normal_delay,3
0.0,614.1,0.0,normal_delay,3
15.0,614.1,0.024425989252564728,normal_delay,3
5.0,614.1,0.008141996417521577,normal_delay,3
89.0,2601.96,0.03420498393518732,normal_delay,3
0.0,614.1,0.0,normal_delay,3
117.0,3827.6,0.030567457414567876,normal_delay,3
0.0,614.1,0.0,normal_delay,3
0.0,247.93,0.0,normal_delay,3
2.0,861.8,0.0023207240659085635,normal_delay,3
10.0,610.17,0.016388875231492864,normal_delay,3
0.0,614.1,0.0,normal_delay,3
0.0,614.1,0.0,normal_delay,3
39.0,1704.44,0.022881415596911595,normal_delay,3
14.0,614.1,0.022797589969060412,normal_delay,3
0.0,614.1,0.0,normal_delay,3
0.0,614.1,0.0,normal_delay,3
0.0,614.1,0.0,normal_delay,3
42.0,1582.36,0.026542632523572387,normal_delay,3
45.0,614.1,0.07327796775769418,normal_delay,3
25.0,614.1,0.04070998208760788,normal_delay,3
0.0,589.53,0.0,normal_delay,3
0.0,614.1,0.0,normal_delay,3
0.0,614.1,0.0,normal_delay,3
164.0,4026.73,0.040727836234363865,normal_delay,3
27.0,614.1,0.04396678065461651,normal_delay,3
20.0,614.1,0.03256798567008631,normal_delay,3
11.0,820.73,0.013402702472189392,normal_delay,3
28.0,614.1,0.045595179938120824,normal_delay,3
32.0,841.37,0.038033207744511924,normal_delay,3
0.0,610.17,0.0,normal_delay,3
0.0,614.1,0.0,normal_delay,3
14.0,614.1,0.022797589969060412,normal_delay,3
14.0,614.1,0.022797589969060412,normal_delay,3
0.0,589.53,0.0,normal_delay,3
3.0,996.53,0.0030104462484822334,normal_delay,3
0.0,861.8,0.0,normal_delay,3
3.0,614.1,0.004885197850512946,normal_delay,3
0.0,614.1,0.0,normal_delay,3
6.0,614.1,0.009770395701025891,normal_delay,3
87.0,2583.17,0.03367954877147071,normal_delay,3
0.0,1386.96,0.0,normal_delay,3
0.0,971.96,0.0,normal_delay,3
26.0,268.57,0.0968090255799233,normal_delay,3
32.0,443.3,0.07218587863749154,normal_delay,3
0.0,589.53,0.0,normal_delay,3
17.0,443.3,0.03834874802616738,normal_delay,3
0.0,589.53,0.0,normal_delay,3
0.0,614.1,0.0,normal_delay,3
0.0,614.1,0.0,normal_delay,3
4.0,443.3,0.009023234829686443,normal_delay,3
0.0,614.1,0.0,normal_delay,3
37.0,1794.53,0.02061821201094437,normal_delay,3
0.0,1268.96,0.0,normal_delay,3
0.0,614.1,0.0,normal_delay,3
40.0,1353.6,0.02955082742316785,normal_delay,3
24.0,1407.6,0.017050298380221655,normal_delay,3
0.0,996.53,0.0,normal_delay,3
0.0,837.44,0.0,normal_delay,3
2.0,1404.24,0.0014242579616020054,normal_delay,3
4.0,1407.6,0.002841716396703609,normal_delay,3
36.0,1404.24,0.025636643308836096,normal_delay,3
0.0,841.16,0.0,normal_delay,3
33.0,1353.6,0.024379432624113476,normal_delay,3
28.0,1017.17,0.027527355309338655,normal_delay,3
36.0,1017.17,0.0353923139691497,normal_delay,3
20.0,610.17,0.03277775046298573,normal_delay,3
119.0,2579.24,0.04613762193514369,normal_delay,3
10.0,1374.24,0.007276749330539061,normal_delay,3
10.0,610.17,0.016388875231492864,normal_delay,3
0.0,816.8,0.0,normal_delay,3
18.0,1017.17,0.01769615698457485,normal_delay,3
10.0,443.3,0.022558087074216106,normal_delay,3
0.0,614.1,0.0,normal_delay,3
8.0,2130.96,0.003754176521380035,normal_delay,3
1.0,1407.6,0.0007104290991759022,normal_delay,3
3.0,610.17,0.004916662569447859,normal_delay,3
0.0,610.17,0.0,normal_delay,3
20.0,1013.24,0.019738660139749713,normal_delay,3
17.0,992.6,0.017126737860165223,normal_delay,3
13.0,1013.24,0.012830129090837314,normal_delay,3
106.0,2952.96,0.03589618552232336,normal_delay,3
52.0,841.37,0.06180396258483188,normal_delay,3
47.0,614.1,0.07653476632470281,normal_delay,3
0.0,992.6,0.0,normal_delay,3
0.0,610.17,0.0,normal_delay,3
75.0,1310.24,0.05724142141897667,normal_delay,3
30.0,1497.6,0.020032051282051284,normal_delay,3
0.0,610.17,0.0,normal_delay,3
12.0,272.5,0.044036697247706424,normal_delay,3
0.0,589.53,0.0,normal_delay,3
0.0,610.17,0.0,normal_delay,3
0.0,614.1,0.0,normal_delay,3
4.0,272.5,0.014678899082568808,normal_delay,3
33.0,1310.24,0.02518622542434974,normal_delay,3
29.0,614.1,0.047223579221625143,normal_delay,3
16.0,272.5,0.05871559633027523,normal_delay,3
0.0,443.3,0.0,normal_delay,3
68.0,3023.6,0.022489747321074217,normal_delay,3
14.0,614.1,0.022797589969060412,normal_delay,3
28.0,268.57,0.10425587370145586,normal_delay,3
0.0,610.17,0.0,normal_delay,3
0.0,796.16,0.0,normal_delay,3
28.0,614.1,0.045595179938120824,normal_delay,3
0.0,614.1,0.0,normal_delay,3
0.0,272.5,0.0,normal_delay,3
47.0,2994.24,0.015696804531366893,normal_delay,3
0.0,614.1,0.0,normal_delay,3
0.0,614.1,0.0,normal_delay,3
32.0,1790.6,0.017871104657656654,normal_delay,3
0.0,614.1,0.0,normal_delay,3
31.0,614.1,0.05048037778863377,normal_delay,3
39.0,614.1,0.0635075720566683,normal_delay,3
31.0,614.1,0.05048037778863377,normal_delay,3
13.0,614.1,0.0211691906855561,normal_delay,3
23.0,1017.17,0.022611756146956753,normal_delay,3
10.0,1407.6,0.007104290991759023,normal_delay,3
24.0,820.73,0.02924225993932231,normal_delay,3
0.0,971.96,0.0,normal_delay,3
20.0,614.1,0.03256798567008631,normal_delay,3
66.0,1537.44,0.04292850452700593,normal_delay,3
65.0,1518.24,0.04281273053008747,normal_delay,3
43.0,841.37,0.0511071229066879,normal_delay,3
0.0,272.5,0.0,normal_delay,3
25.0,2432.8,0.01027622492601118,normal_delay,3
25.0,614.1,0.04070998208760788,normal_delay,3
19.0,1428.24,0.013303086316025317,normal_delay,3
40.0,996.53,0.04013928331309644,normal_delay,3
0.0,614.1,0.0,normal_delay,3
0.0,1769.96,0.0,normal_delay,3
3.0,1310.24,0.002289656856759067,normal_delay,3
23.0,996.53,0.023080087905030456,normal_delay,3
18.0,614.1,0.029311187103077674,normal_delay,3
0.0,614.1,0.0,normal_delay,3
45.0,882.44,0.05099496849644168,normal_delay,3
0.0,1386.96,0.0,normal_delay,3
71.0,1518.24,0.046764674886710926,normal_delay,3
42.0,614.1,0.06839276990718124,normal_delay,3
0.0,1268.96,0.0,normal_delay,3
17.0,614.1,0.027682787819573357,normal_delay,3
0.0,614.1,0.0,normal_delay,3
0.0,589.53,0.0,normal_delay,3
35.0,614.1,0.056993974922651035,normal_delay,3
0.0,614.1,0.0,normal_delay,3
17.0,2154.96,0.007888777517912166,normal_delay,3
8.0,1289.6,0.00620347394540943,normal_delay,3
42.0,614.1,0.06839276990718124,normal_delay,3
38.0,614.1,0.06187917277316398,normal_delay,3
0.0,820.73,0.0,normal_delay,3
15.0,614.1,0.024425989252564728,normal_delay,3
0.0,1790.6,0.0,normal_delay,3
16.0,996.53,0.01605571332523858,normal_delay,3
38.0,2154.96,0.01763373798121543,normal_delay,3
36.0,882.44,0.04079597479715334,normal_delay,3
43.0,614.1,0.07002116919068556,normal_delay,3
22.0,614.1,0.03582478423709493,normal_delay,3
13.0,614.1,0.0211691906855561,normal_delay,3
0.0,614.1,0.0,normal_delay,3
0.0,614.1,0.0,normal_delay,3
32.0,996.53,0.03211142665047716,normal_delay,3
27.0,882.44,0.03059698109786501,normal_delay,3
0.0,247.93,0.0,normal_delay,3
15.0,610.17,0.024583312847239296,normal_delay,3
3.0,614.1,0.004885197850512946,normal_delay,3
0.0,1289.6,0.0,normal_delay,3
17.0,996.53,0.01705919540806599,normal_delay,3
1.0,861.8,0.0011603620329542817,normal_delay,3
41.0,2175.6,0.018845375988233132,normal_delay,3
38.0,1090.44,0.034848318110120687,normal_delay,3
27.0,996.53,0.027094016236340102,normal_delay,3
0.0,1032.6,0.0,normal_delay,3
32.0,614.1,0.05210877707213809,normal_delay,3
0.0,614.1,0.0,normal_delay,3
10.0,610.17,0.016388875231492864,normal_delay,3
49.0,1790.6,0.027365129007036748,normal_delay,3
27.0,1407.6,0.01918158567774936,normal_delay,3
0.0,1332.96,0.0,normal_delay,3
10.0,610.17,0.016388875231492864,normal_delay,3
161.0,3681.37,0.043733718697115474,normal_delay,3
25.0,1815.17,0.013772814667496708,normal_delay,3
29.0,614.1,0.047223579221625143,normal_delay,3
12.0,614.1,0.019540791402051783,normal_delay,3
8.0,614.1,0.013027194268034522,normal_delay,3
0.0,589.53,0.0,normal_delay,3
88.0,1838.13,0.04787474226523695,normal_delay,3
8.0,2196.24,0.0036425891523695045,normal_delay,3
17.0,614.1,0.027682787819573357,normal_delay,3
93.0,1524.73,0.060994405566887254,normal_delay,3
19.0,1704.44,0.011147356316444111,normal_delay,3
4.0,1090.44,0.003668244011591651,normal_delay,3
28.0,820.73,0.03411596992920936,normal_delay,3
34.0,614.1,0.055365575639146715,normal_delay,3
0.0,610.17,0.0,normal_delay,3
0.0,614.1,0.0,normal_delay,3
0.0,2196.24,0.0,normal_delay,3
39.0,820.73,0.04751867240139875,normal_delay,3
18.0,614.1,0.029311187103077674,normal_delay,3
2.0,610.17,0.0032777750462985727,normal_delay,3
13.0,2175.6,0.005975363118220262,normal_delay,3
25.0,1790.6,0.013961800513794259,normal_delay,3
0.0,1362.96,0.0,normal_delay,3
7.0,820.73,0.00852899248230234,normal_delay,3
52.0,1524.73,0.03410439881159287,normal_delay,3
56.0,2457.37,0.022788591054664135,normal_delay,3
43.0,1815.17,0.02368924122809434,normal_delay,3
0.0,1353.6,0.0,normal_delay,3
0.0,1332.96,0.0,normal_delay,3
18.0,614.1,0.029311187103077674,normal_delay,3
15.0,614.1,0.024425989252564728,normal_delay,3
0.0,820.73,0.0,normal_delay,3
0.0,1069.8,0.0,normal_delay,3
0.0,614.1,0.0,normal_delay,3
88.0,1838.13,0.04787474226523695,normal_delay,3
63.0,1794.53,0.03510668531593231,normal_delay,3
0.0,614.1,0.0,normal_delay,3
26.0,841.37,0.03090198129241594,normal_delay,3
26.0,443.3,0.05865102639296187,normal_delay,3
13.0,443.3,0.029325513196480937,normal_delay,3
55.0,1815.17,0.030300192268492756,normal_delay,3
28.0,1815.17,0.015425552427596313,normal_delay,3
49.0,614.1,0.07979156489171145,normal_delay,3
10.0,614.1,0.016283992835043153,normal_delay,3
0.0,614.1,0.0,normal_delay,3
0.0,614.1,0.0,normal_delay,3
0.0,614.1,0.0,normal_delay,3
99.0,2432.8,0.04069385070700427,normal_delay,3
32.0,614.1,0.05210877707213809,normal_delay,3
0.0,614.1,0.0,normal_delay,3
0.0,247.93,0.0,normal_delay,3
121.0,2029.57,0.059618539887759475,normal_delay,3
0.0,614.1,0.0,normal_delay,3
0.0,614.1,0.0,normal_delay,3
24.0,1383.6,0.017346053772766698,normal_delay,3
0.0,614.1,0.0,normal_delay,3
81.0,2583.17,0.031356821269989975,normal_delay,3
0.0,614.1,0.0,normal_delay,3
0.0,614.1,0.0,normal_delay,3
0.0,1428.24,0.0,normal_delay,3
0.0,589.53,0.0,normal_delay,3
117.0,3831.53,0.030536104376058647,normal_delay,3
36.0,1815.17,0.01983285312119526,normal_delay,3
7.0,992.6,0.007052186177715091,normal_delay,3
23.0,610.17,0.03769441303243359,normal_delay,3
33.0,614.1,0.0537371763556424,normal_delay,3
123.0,2583.17,0.047615913780355144,normal_delay,3
31.0,614.1,0.05048037778863377,normal_delay,3
0.0,614.1,0.0,normal_delay,3
0.0,614.1,0.0,normal_delay,3
0.0,614.1,0.0,normal_delay,3
82.0,2558.6,0.032048776674744005,normal_delay,3
42.0,1476.96,0.028436789080272994,normal_delay,3
0.0,614.1,0.0,normal_delay,3
40.0,614.1,0.06513597134017261,normal_delay,3
15.0,1374.24,0.010915123995808592,normal_delay,3
0.0,1386.96,0.0,normal_delay,3
0.0,1407.6,0.0,normal_delay,3
21.0,614.1,0.03419638495359062,normal_delay,3
0.0,443.3,0.0,normal_delay,3
8.0,1404.24,0.005697031846408022,normal_delay,3
21.0,610.17,0.034416637986135014,normal_delay,3
14.0,610.17,0.02294442532409001,normal_delay,3
15.0,614.1,0.024425989252564728,normal_delay,3
20.0,614.1,0.03256798567008631,normal_delay,3
0.0,614.1,0.0,normal_delay,3
0.0,614.1,0.0,normal_delay,3
9.0,443.3,0.020302278366794494,normal_delay,3
0.0,1383.6,0.0,normal_delay,3
8.0,610.17,0.013111100185194291,normal_delay,3
0.0,614.1,0.0,normal_delay,3
0.0,614.1,0.0,normal_delay,3
0.0,614.1,0.0,normal_delay,3
22.0,1476.96,0.014895460946809663,normal_delay,3
0.0,1332.96,0.0,normal_delay,3
0.0,610.17,0.0,normal_delay,3
0.0,589.53,0.0,normal_delay,3
2.0,1374.24,0.0014553498661078123,normal_delay,3
0.0,1353.6,0.0,normal_delay,3
0.0,589.53,0.0,normal_delay,3
0.0,1268.96,0.0,normal_delay,3
0.0,614.1,0.0,normal_delay,3
0.0,1353.6,0.0,normal_delay,3
0.0,614.1,0.0,normal_delay,3
0.0,1407.6,0.0,normal_delay,3
60.0,3042.8,0.019718680163007755,normal_delay,3
0.0,610.17,0.0,normal_delay,3
23.0,272.5,0.08440366972477065,normal_delay,3
0.0,247.93,0.0,normal_delay,3
0.0,614.1,0.0,normal_delay,3
35.0,272.5,0.12844036697247707,normal_delay,3
13.0,272.5,0.047706422018348627,normal_delay,3
0.0,614.1,0.0,normal_delay,3
0.0,247.93,0.0,normal_delay,3
22.0,996.53,0.022076605822203044,normal_delay,3
34.0,614.1,0.055365575639146715,normal_delay,3
58.0,2562.53,0.02263388135943774,normal_delay,3
31.0,1353.6,0.022901891252955085,normal_delay,3
30.0,614.1,0.048851978505129456,normal_delay,3
0.0,1017.17,0.0,normal_delay,3
0.0,614.1,0.0,normal_delay,3
0.0,443.3,0.0,normal_delay,3
9.0,614.1,0.014655593551538837,normal_delay,3
5.0,614.1,0.008141996417521577,normal_delay,3
0.0,614.1,0.0,normal_delay,3
0.0,589.53,0.0,normal_delay,3
25.0,614.1,0.04070998208760788,normal_delay,3
11.0,614.1,0.017912392118547466,normal_delay,3
0.0,247.93,0.0,normal_delay,3
2.0,614.1,0.0032567985670086306,normal_delay,3
0.0,614.1,0.0,normal_delay,3
0.0,268.57,0.0,normal_delay,3
22.0,614.1,0.03582478423709493,normal_delay,3
0.0,614.1,0.0,normal_delay,3
14.0,614.1,0.022797589969060412,normal_delay,3
0.0,1017.17,0.0,normal_delay,3
12.0,614.1,0.019540791402051783,normal_delay,3
15.0,614.1,0.024425989252564728,normal_delay,3
0.0,614.1,0.0,normal_delay,3
28.0,996.53,0.02809749831916751,normal_delay,3
21.0,2130.96,0.009854713368622592,normal_delay,3
0.0,796.16,0.0,normal_delay,3
4.0,614.1,0.006513597134017261,normal_delay,3
100.0,3884.16,0.025745592354588894,normal_delay,3
0.0,614.1,0.0,normal_delay,3
0.0,614.1,0.0,normal_delay,3
70.0,2558.6,0.027358711795513174,normal_delay,3
0.0,816.8,0.0,normal_delay,3
26.0,861.8,0.030169412856811326,normal_delay,3
0.0,878.36,0.0,normal_delay,3
126.0,3277.93,0.03843889283785804,normal_delay,3
0.0,2130.96,0.0,normal_delay,3
0.0,614.1,0.0,normal_delay,3
5.0,882.44,0.005666107610715742,normal_delay,3
0.0,614.1,0.0,normal_delay,3
0.0,614.1,0.0,normal_delay,3
43.0,2172.24,0.019795234412403787,normal_delay,3
0.0,247.93,0.0,normal_delay,3
0.0,268.57,0.0,normal_delay,3
198.0,4843.93,0.040875900353638465,normal_delay,3
186.0,3401.24,0.05468593806964519,normal_delay,3
125.0,1545.37,0.08088677792373349,normal_delay,3
35.0,837.44,0.04179403897592663,normal_delay,3
85.0,1537.44,0.055286710375689455,normal_delay,3
0.0,614.1,0.0,normal_delay,3
0.0,589.53,0.0,normal_delay,3
67.0,1754.6,0.03818534138835062,normal_delay,3
0.0,614.1,0.0,normal_delay,3
81.0,1754.6,0.04616436794711046,normal_delay,3
15.0,1289.6,0.01163151364764268,normal_delay,3
42.0,841.37,0.0499185851646719,normal_delay,3
0.0,589.53,0.0,normal_delay,3
30.0,1090.44,0.027511830086937382,normal_delay,3
27.0,841.37,0.03209051903443194,normal_delay,3
0.0,1032.6,0.0,normal_delay,3
152.0,3401.24,0.04468958379884983,normal_delay,3
29.0,1773.8,0.016349081068891644,normal_delay,3
32.0,1518.24,0.021077036568658447,normal_delay,3
19.0,841.37,0.022582217098303957,normal_delay,3
10.0,1090.44,0.009170610028979127,normal_delay,3
0.0,247.93,0.0,normal_delay,3
23.0,1518.24,0.015149120033723259,normal_delay,3
42.0,1050.6,0.03997715591090806,normal_delay,3
6.0,1310.24,0.004579313713518134,normal_delay,3
24.0,841.37,0.028524905808383946,normal_delay,3
4.0,841.37,0.0047541509680639905,normal_delay,3
20.0,614.1,0.03256798567008631,normal_delay,3
50.0,2457.37,0.020346956298807263,normal_delay,3
34.0,1310.24,0.025949444376602758,normal_delay,3
22.0,1289.6,0.017059553349875932,normal_delay,3
46.0,614.1,0.0749063670411985,normal_delay,3
21.0,820.73,0.025586977446907022,normal_delay,3
0.0,1332.96,0.0,normal_delay,3
2.0,841.37,0.0023770754840319952,normal_delay,3
12.0,614.1,0.019540791402051783,normal_delay,3
11.0,841.37,0.013073915162175974,normal_delay,3
0.0,796.16,0.0,normal_delay,3
0.0,614.1,0.0,normal_delay,3
26.0,1815.17,0.014323727254196577,normal_delay,3
12.0,1815.17,0.006610951040398419,normal_delay,3
0.0,589.53,0.0,normal_delay,3
65.0,614.1,0.10584595342778048,normal_delay,3
81.0,3275.44,0.024729501990572257,normal_delay,3
75.0,1545.37,0.048532066754240086,normal_delay,3
0.0,841.37,0.0,normal_delay,3
39.0,443.3,0.0879765395894428,normal_delay,3
32.0,2175.6,0.014708586137157566,normal_delay,3
24.0,443.3,0.054139408978118655,normal_delay,3
34.0,614.1,0.055365575639146715,normal_delay,3
0.0,816.8,0.0,normal_delay,3
14.0,443.3,0.031581321903902546,normal_delay,3
0.0,589.53,0.0,normal_delay,3
36.0,1965.16,0.018319119053919274,normal_delay,3
0.0,1362.96,0.0,normal_delay,3
0.0,443.3,0.0,normal_delay,3
30.0,614.1,0.048851978505129456,normal_delay,3
0.0,589.53,0.0,normal_delay,3
20.0,610.17,0.03277775046298573,normal_delay,3
0.0,610.17,0.0,normal_delay,3
6.0,614.1,0.009770395701025891,normal_delay,3
23.0,1794.53,0.012816726385181635,normal_delay,3
27.0,614.1,0.04396678065461651,normal_delay,3
21.0,614.1,0.03419638495359062,normal_delay,3
0.0,614.1,0.0,normal_delay,3
0.0,589.53,0.0,normal_delay,3
31.0,1603.0,0.01933873986275733,normal_delay,3
4.0,614.1,0.006513597134017261,normal_delay,3
7.0,614.1,0.011398794984530206,normal_delay,3
14.0,1374.24,0.010187449062754686,normal_delay,3
33.0,614.1,0.0537371763556424,normal_delay,3
0.0,589.53,0.0,normal_delay,3
17.0,1790.6,0.009494024349380096,normal_delay,3
4.0,1811.24,0.002208431792584086,normal_delay,3
40.0,614.1,0.06513597134017261,normal_delay,3
26.0,614.1,0.0423383813711122,normal_delay,3
0.0,589.53,0.0,normal_delay,3
0.0,614.1,0.0,normal_delay,3
8.0,2175.6,0.0036771465342893914,normal_delay,3
11.0,614.1,0.017912392118547466,normal_delay,3
0.0,610.17,0.0,normal_delay,3
0.0,614.1,0.0,normal_delay,3
70.0,1520.8,0.046028406102051556,normal_delay,3
5.0,992.6,0.005037275841225065,normal_delay,3
33.0,614.1,0.0537371763556424,normal_delay,3
15.0,614.1,0.024425989252564728,normal_delay,3
31.0,443.3,0.06993006993006994,normal_delay,3
3.0,614.1,0.004885197850512946,normal_delay,3
0.0,614.1,0.0,normal_delay,3
7.0,1520.8,0.004602840610205155,normal_delay,3
0.0,971.96,0.0,normal_delay,3
0.0,614.1,0.0,normal_delay,3
6.0,443.3,0.013534852244529664,normal_delay,3
0.0,589.53,0.0,normal_delay,3
0.0,247.93,0.0,normal_delay,3
81.0,3420.6,0.023680056130503422,normal_delay,3
16.0,614.1,0.026054388536069045,normal_delay,3
0.0,589.53,0.0,normal_delay,3
60.0,1838.13,0.03264186972629792,normal_delay,3
22.0,614.1,0.03582478423709493,normal_delay,3
0.0,614.1,0.0,normal_delay,3
44.0,614.1,0.07164956847418986,normal_delay,3
38.0,614.1,0.06187917277316398,normal_delay,3
101.0,2455.93,0.04112495062970036,normal_delay,3
23.0,1353.6,0.016991725768321513,normal_delay,3
0.0,614.1,0.0,normal_delay,3
0.0,614.1,0.0,normal_delay,3
0.0,614.1,0.0,normal_delay,3
45.0,1407.6,0.0319693094629156,normal_delay,3
10.0,1353.6,0.007387706855791962,normal_delay,3
49.0,614.1,0.07979156489171145,normal_delay,3
35.0,1374.24,0.025468622656886715,normal_delay,3
35.0,1407.6,0.02486501847115658,normal_delay,3
31.0,614.1,0.05048037778863377,normal_delay,3
0.0,589.53,0.0,normal_delay,3
20.0,1794.53,0.011144979465375335,normal_delay,3
0.0,1790.6,0.0,normal_delay,3
15.0,614.1,0.024425989252564728,normal_delay,3
7.0,614.1,0.011398794984530206,normal_delay,3
0.0,614.1,0.0,normal_delay,3
3.0,1407.6,0.002131287297527707,normal_delay,3
0.0,589.53,0.0,normal_delay,3
15.0,272.5,0.05504587155963303,normal_delay,3
33.0,1017.17,0.03244295447172056,normal_delay,3
17.0,614.1,0.027682787819573357,normal_delay,3
0.0,614.1,0.0,normal_delay,3
0.0,614.1,0.0,normal_delay,3
0.0,2175.6,0.0,normal_delay,3
34.0,1407.6,0.02415458937198068,normal_delay,3
25.0,1383.6,0.018068806013298643,normal_delay,3
27.0,614.1,0.04396678065461651,normal_delay,3
24.0,614.1,0.039081582804103565,normal_delay,3
64.0,1524.73,0.04197464469119123,normal_delay,3
30.0,614.1,0.048851978505129456,normal_delay,3
5.0,614.1,0.008141996417521577,normal_delay,3
26.0,268.57,0.0968090255799233,normal_delay,3
0.0,272.5,0.0,normal_delay,3
24.0,1407.6,0.017050298380221655,normal_delay,3
24.0,614.1,0.039081582804103565,normal_delay,3
1.0,614.1,0.0016283992835043153,normal_delay,3
0.0,614.1,0.0,normal_delay,3
0.0,614.1,0.0,normal_delay,3
0.0,1769.96,0.0,normal_delay,3
37.0,996.53,0.037128837064614215,normal_delay,3
8.0,614.1,0.013027194268034522,normal_delay,3
0.0,614.1,0.0,normal_delay,3
5.0,268.57,0.018617120303831405,normal_delay,3
49.0,1524.73,0.032136837341693286,normal_delay,3
0.0,614.1,0.0,normal_delay,3
0.0,614.1,0.0,normal_delay,3
0.0,614.1,0.0,normal_delay,3
12.0,614.1,0.019540791402051783,normal_delay,3
0.0,614.1,0.0,normal_delay,3
0.0,614.1,0.0,normal_delay,3
0.0,1386.96,0.0,normal_delay,3
0.0,1428.24,0.0,normal_delay,3
0.0,614.1,0.0,normal_delay,3
0.0,614.1,0.0,normal_delay,3
0.0,614.1,0.0,normal_delay,3
41.0,996.53,0.041142765395923854,normal_delay,3
34.0,820.73,0.04142653491403994,normal_delay,3
0.0,1386.96,0.0,normal_delay,3
18.0,996.53,0.0180626774908934,normal_delay,3
0.0,614.1,0.0,normal_delay,3
0.0,614.1,0.0,normal_delay,3
0.0,614.1,0.0,normal_delay,3
0.0,614.1,0.0,normal_delay,3
0.0,247.93,0.0,normal_delay,3
0.0,589.53,0.0,normal_delay,3
0.0,614.1,0.0,normal_delay,3
22.0,2338.8,0.009406533264922181,normal_delay,3
6.0,1404.24,0.004272773884806016,normal_delay,3
176.0,3681.37,0.047808288762064124,normal_delay,3
23.0,610.17,0.03769441303243359,normal_delay,3
0.0,996.53,0.0,normal_delay,3
0.0,796.16,0.0,normal_delay,3
0.0,614.1,0.0,normal_delay,3
0.0,589.53,0.0,normal_delay,3
0.0,1404.24,0.0,normal_delay,3
13.0,899.0,0.014460511679644048,normal_delay,3
0.0,614.1,0.0,normal_delay,3
37.0,614.1,0.06025077348965966,normal_delay,3
0.0,796.16,0.0,normal_delay,3
0.0,614.1,0.0,normal_delay,3
0.0,614.1,0.0,normal_delay,3
14.0,614.1,0.022797589969060412,normal_delay,3
0.0,589.53,0.0,normal_delay,3
0.0,610.17,0.0,normal_delay,3
82.0,2537.96,0.03230941385995051,normal_delay,3
0.0,971.96,0.0,normal_delay,3
0.0,614.1,0.0,normal_delay,3
0.0,1383.6,0.0,normal_delay,3
33.0,614.1,0.0537371763556424,normal_delay,3
34.0,2172.24,0.01565204581445881,normal_delay,3
40.0,614.1,0.06513597134017261,normal_delay,3
0.0,614.1,0.0,normal_delay,3
0.0,1332.96,0.0,normal_delay,3
19.0,614.1,0.03093958638658199,normal_delay,3
0.0,614.1,0.0,normal_delay,3
25.0,841.37,0.029713443550399943,normal_delay,3
119.0,3405.17,0.03494686021549585,normal_delay,3
51.0,2952.96,0.01727080624187256,normal_delay,3
44.0,820.73,0.05361080988875757,normal_delay,3
35.0,2154.96,0.016241600772172106,normal_delay,3
0.0,1407.6,0.0,normal_delay,3
4.0,1289.6,0.003101736972704715,normal_delay,3
16.0,841.37,0.019016603872255962,normal_delay,3
0.0,614.1,0.0,normal_delay,3
53.0,2151.6,0.02463283138129764,normal_delay,3
30.0,841.37,0.03565613226047993,normal_delay,3
4.0,996.53,0.004013928331309645,normal_delay,3
0.0,992.6,0.0,normal_delay,3
96.0,3405.17,0.02819242504779497,normal_delay,3
20.0,1769.96,0.011299690388483356,normal_delay,3
29.0,610.17,0.047527738171329305,normal_delay,3
102.0,1545.37,0.06600361078576653,normal_delay,3
147.0,2973.6,0.04943502824858757,normal_delay,3
0.0,1769.96,0.0,normal_delay,3
21.0,610.17,0.034416637986135014,normal_delay,3
30.0,1545.37,0.019412826701696036,normal_delay,3
11.0,1032.6,0.01065272128607399,normal_delay,3
10.0,443.3,0.022558087074216106,normal_delay,3
0.0,614.1,0.0,normal_delay,3
0.0,443.3,0.0,normal_delay,3
0.0,1332.96,0.0,normal_delay,3
0.0,610.17,0.0,normal_delay,3
51.0,614.1,0.08304836345872008,normal_delay,3
0.0,841.16,0.0,normal_delay,3
43.0,837.44,0.05134696217042414,normal_delay,3
30.0,614.1,0.048851978505129456,normal_delay,3
1.0,610.17,0.0016388875231492864,normal_delay,3
81.0,3401.24,0.023814843998071294,normal_delay,3
37.0,2537.96,0.014578637961197181,normal_delay,3
12.0,1050.6,0.01142204454597373,normal_delay,3
25.0,614.1,0.04070998208760788,normal_delay,3
43.0,1790.6,0.024014296883726128,normal_delay,3
50.0,1428.24,0.035008121884277155,normal_delay,3
40.0,1518.24,0.02634629571082306,normal_delay,3
0.0,610.17,0.0,normal_delay,3
120.0,3405.17,0.035240531309743715,normal_delay,3
30.0,1811.24,0.016563238444380644,normal_delay,3
76.0,841.37,0.09032886839321583,normal_delay,3
0.0,1332.96,0.0,normal_delay,3
0.0,899.0,0.0,normal_delay,3
0.0,610.17,0.0,normal_delay,3
82.0,1545.37,0.05306172631796916,normal_delay,3
1.0,614.1,0.0016283992835043153,normal_delay,3
119.0,3405.17,0.03494686021549585,normal_delay,3
26.0,1289.6,0.020161290322580648,normal_delay,3
0.0,610.17,0.0,normal_delay,3
45.0,841.37,0.0534841983907199,normal_delay,3
0.0,1032.6,0.0,normal_delay,3
0.0,1332.96,0.0,normal_delay,3
8.0,816.8,0.009794319294809012,normal_delay,3
69.0,1754.6,0.03932520232531631,normal_delay,3
0.0,589.53,0.0,normal_delay,3
0.0,589.53,0.0,normal_delay,3
27.0,443.3,0.060906835100383486,normal_delay,3
7.0,443.3,0.015790660951951273,normal_delay,3
1.0,1811.24,0.0005521079481460215,normal_delay,3
0.0,589.53,0.0,normal_delay,3
0.0,589.53,0.0,normal_delay,3
77.0,2973.6,0.025894538606403013,normal_delay,3
63.0,2432.8,0.025896086813548172,normal_delay,3
75.0,3108.24,0.024129410856304535,normal_delay,3
28.0,996.53,0.02809749831916751,normal_delay,3
0.0,1332.96,0.0,normal_delay,3
34.0,614.1,0.055365575639146715,normal_delay,3
27.0,614.1,0.04396678065461651,normal_delay,3
49.0,1815.17,0.026994716748293547,normal_delay,3
25.0,614.1,0.04070998208760788,normal_delay,3
12.0,614.1,0.019540791402051783,normal_delay,3
70.0,1374.24,0.05093724531377343,normal_delay,3
17.0,614.1,0.027682787819573357,normal_delay,3
15.0,614.1,0.024425989252564728,normal_delay,3
18.0,614.1,0.029311187103077674,normal_delay,3
1.0,614.1,0.0016283992835043153,normal_delay,3
44.0,2175.6,0.020224305938591654,normal_delay,3
63.0,1815.17,0.034707492962091704,normal_delay,3
49.0,1383.6,0.03541485978606534,normal_delay,3
31.0,1516.8,0.02043776371308017,normal_delay,3
0.0,1476.96,0.0,normal_delay,3
27.0,614.1,0.04396678065461651,normal_delay,3
10.0,614.1,0.016283992835043153,normal_delay,3
0.0,443.3,0.0,normal_delay,3
32.0,1374.24,0.023285597857724997,normal_delay,3
0.0,878.36,0.0,normal_delay,3
0.0,614.1,0.0,normal_delay,3
7.0,272.5,0.025688073394495414,normal_delay,3
54.0,1815.17,0.02974927968179289,normal_delay,3
5.0,614.1,0.008141996417521577,normal_delay,3
0.0,614.1,0.0,normal_delay,3
0.0,614.1,0.0,normal_delay,3
58.0,1500.16,0.03866254266211604,normal_delay,3
9.0,614.1,0.014655593551538837,normal_delay,3
32.0,272.5,0.11743119266055047,normal_delay,3
0.0,610.17,0.0,normal_delay,3
21.0,272.5,0.07706422018348624,normal_delay,3
0.0,1790.6,0.0,normal_delay,3
24.0,614.1,0.039081582804103565,normal_delay,3
0.0,614.1,0.0,normal_delay,3
100.0,3420.6,0.02923463719815237,normal_delay,3
44.0,614.1,0.07164956847418986,normal_delay,3
24.0,614.1,0.039081582804103565,normal_delay,3
22.0,614.1,0.03582478423709493,normal_delay,3
10.0,614.1,0.016283992835043153,normal_delay,3
0.0,614.1,0.0,normal_delay,3
10.0,268.57,0.03723424060766281,normal_delay,3
31.0,1815.17,0.017078290187695917,normal_delay,3
0.0,1386.96,0.0,normal_delay,3
35.0,614.1,0.056993974922651035,normal_delay,3
0.0,614.1,0.0,normal_delay,3
0.0,614.1,0.0,normal_delay,3
0.0,614.1,0.0,normal_delay,3
0.0,614.1,0.0,normal_delay,3
0.0,1289.6,0.0,normal_delay,3
15.0,614.1,0.024425989252564728,normal_delay,3
0.0,614.1,0.0,normal_delay,3
0.0,268.57,0.0,normal_delay,3
143.0,3827.6,0.03736022572891629,normal_delay,3
26.0,1815.17,0.014323727254196577,normal_delay,3
0.0,614.1,0.0,normal_delay,3
129.0,2558.6,0.050418197451731414,normal_delay,3
0.0,614.1,0.0,normal_delay,3
0.0,614.1,0.0,normal_delay,3
0.0,247.93,0.0,normal_delay,3
0.0,272.5,0.0,normal_delay,3
110.0,2558.6,0.04299226139294927,normal_delay,3
0.0,1362.96,0.0,normal_delay,3
38.0,614.1,0.06187917277316398,normal_delay,3
40.0,1017.17,0.03932479329905522,normal_delay,3
21.0,996.53,0.021073123739375633,normal_delay,3
0.0,1386.96,0.0,normal_delay,3
0.0,614.1,0.0,normal_delay,3
0.0,996.53,0.0,normal_delay,3
0.0,614.1,0.0,normal_delay,3
53.0,1428.24,0.03710860919733378,normal_delay,3
40.0,1017.17,0.03932479329905522,normal_delay,3
30.0,820.73,0.03655282492415289,normal_delay,3
0.0,614.1,0.0,normal_delay,3
119.0,2583.17,0.04606742877936799,normal_delay,3
13.0,1017.17,0.012780557822192947,normal_delay,3
72.0,2583.17,0.027872730017768865,normal_delay,3
0.0,614.1,0.0,normal_delay,3
17.0,1353.6,0.012559101654846336,normal_delay,3
0.0,1289.6,0.0,normal_delay,3
0.0,1407.6,0.0,normal_delay,3
37.0,614.1,0.06025077348965966,normal_delay,3
23.0,614.1,0.03745318352059925,normal_delay,3
0.0,614.1,0.0,normal_delay,3
3.0,1407.6,0.002131287297527707,normal_delay,3
33.0,614.1,0.0537371763556424,normal_delay,3
0.0,614.1,0.0,normal_delay,3
0.0,992.6,0.0,normal_delay,3
32.0,614.1,0.05210877707213809,normal_delay,3
47.0,882.44,0.05326141154072798,normal_delay,3
12.0,614.1,0.019540791402051783,normal_delay,3
0.0,614.1,0.0,normal_delay,3
0.0,589.53,0.0,normal_delay,3
147.0,3677.44,0.039973459798120434,normal_delay,3
7.0,614.1,0.011398794984530206,normal_delay,3
0.0,614.1,0.0,normal_delay,3
4.0,1407.6,0.002841716396703609,normal_delay,3
4.0,614.1,0.006513597134017261,normal_delay,3
0.0,614.1,0.0,normal_delay,3
9.0,614.1,0.014655593551538837,normal_delay,3
20.0,610.17,0.03277775046298573,normal_delay,3
197.0,4291.16,0.04590833247886353,normal_delay,3
3.0,1353.6,0.002216312056737589,normal_delay,3
11.0,996.53,0.011038302911101522,normal_delay,3
43.0,614.1,0.07002116919068556,normal_delay,3
0.0,796.16,0.0,normal_delay,3
0.0,614.1,0.0,normal_delay,3
17.0,1407.6,0.01207729468599034,normal_delay,3
0.0,589.53,0.0,normal_delay,3
0.0,589.53,0.0,normal_delay,3
0.0,1268.96,0.0,normal_delay,3
47.0,614.1,0.07653476632470281,normal_delay,3
38.0,614.1,0.06187917277316398,normal_delay,3
21.0,614.1,0.03419638495359062,normal_delay,3
37.0,3380.6,0.010944802697745962,normal_delay,3
60.0,2562.53,0.02341436002700456,normal_delay,3
87.0,1839.57,0.04729366101860761,normal_delay,3
36.0,614.1,0.05862237420615535,normal_delay,3
38.0,820.73,0.04630024490392699,normal_delay,3
29.0,614.1,0.047223579221625143,normal_delay,3
25.0,614.1,0.04070998208760788,normal_delay,3
6.0,1794.53,0.0033434938396126007,normal_delay,3
34.0,820.73,0.04142653491403994,normal_delay,3
51.0,1524.73,0.03344854498829301,normal_delay,3
40.0,1353.6,0.02955082742316785,normal_delay,3
0.0,614.1,0.0,normal_delay,3
13.0,1013.24,0.012830129090837314,normal_delay,3
0.0,841.37,0.0,normal_delay,3
165.0,4336.37,0.03805025862645485,normal_delay,3
12.0,610.17,0.019666650277791436,normal_delay,3
26.0,443.3,0.05865102639296187,normal_delay,3
0.0,614.1,0.0,normal_delay,3
10.0,443.3,0.022558087074216106,normal_delay,3
0.0,614.1,0.0,normal_delay,3
4.0,610.17,0.0065555500925971455,normal_delay,3
0.0,443.3,0.0,normal_delay,3
23.0,1090.44,0.021092403066651992,normal_delay,3
82.0,1985.8,0.04129318158928392,normal_delay,3
0.0,589.53,0.0,normal_delay,3
0.0,614.1,0.0,normal_delay,3
0.0,589.53,0.0,normal_delay,3
3.0,610.17,0.004916662569447859,normal_delay,3
0.0,614.1,0.0,normal_delay,3
0.0,992.6,0.0,normal_delay,3
0.0,610.17,0.0,normal_delay,3
0.0,443.3,0.0,normal_delay,3
20.0,1032.6,0.019368584156498163,normal_delay,3
0.0,610.17,0.0,normal_delay,3
0.0,1332.96,0.0,normal_delay,3
0.0,614.1,0.0,normal_delay,3
0.0,614.1,0.0,normal_delay,3
0.0,614.1,0.0,normal_delay,3
30.0,837.44,0.03582346197936569,normal_delay,3
0.0,992.6,0.0,normal_delay,3
127.0,3384.53,0.03752367389268229,normal_delay,3
5.0,816.8,0.006121449559255632,normal_delay,3
0.0,614.1,0.0,normal_delay,3
13.0,2973.6,0.004371805219262847,normal_delay,3
39.0,614.1,0.0635075720566683,normal_delay,3
46.0,614.1,0.0749063670411985,normal_delay,3
8.0,614.1,0.013027194268034522,normal_delay,3
6.0,443.3,0.013534852244529664,normal_delay,3
46.0,1497.6,0.030715811965811968,normal_delay,3
7.0,1032.6,0.006779004454774357,normal_delay,3
33.0,614.1,0.0537371763556424,normal_delay,3
32.0,614.1,0.05210877707213809,normal_delay,3
0.0,816.8,0.0,normal_delay,3
14.0,614.1,0.022797589969060412,normal_delay,3
0.0,589.53,0.0,normal_delay,3
39.0,996.53,0.03913580123026904,normal_delay,3
42.0,614.1,0.06839276990718124,normal_delay,3
0.0,614.1,0.0,normal_delay,3
0.0,589.53,0.0,normal_delay,3
156.0,2472.64,0.06309046201630646,normal_delay,3
11.0,996.53,0.011038302911101522,normal_delay,3
81.0,1518.24,0.05335124881441669,normal_delay,3
15.0,1790.6,0.008377080308276556,normal_delay,3
16.0,614.1,0.026054388536069045,normal_delay,3
14.0,614.1,0.022797589969060412,normal_delay,3
193.0,2476.57,0.0779303633654611,normal_delay,3
85.0,3864.96,0.021992465640006623,normal_delay,3
0.0,1362.96,0.0,normal_delay,3
9.0,614.1,0.014655593551538837,normal_delay,3
0.0,589.53,0.0,normal_delay,3
0.0,443.3,0.0,normal_delay,3
43.0,3405.17,0.012627857052658164,normal_delay,3
7.0,614.1,0.011398794984530206,normal_delay,3
0.0,614.1,0.0,normal_delay,3
70.0,2220.8,0.03152017291066282,normal_delay,3
58.0,1497.6,0.03872863247863248,normal_delay,3
27.0,2196.24,0.012293738389247078,normal_delay,3
53.0,1053.24,0.0503209145114124,normal_delay,3
78.0,2175.6,0.035852178709321565,normal_delay,3
28.0,2220.8,0.012608069164265129,normal_delay,3
30.0,610.17,0.04916662569447859,normal_delay,3
15.0,2154.96,0.006960686045216617,normal_delay,3
23.0,2175.6,0.010571796286082001,normal_delay,3
22.0,1050.6,0.02094041500095184,normal_delay,3
40.0,272.5,0.14678899082568808,normal_delay,3
15.0,272.5,0.05504587155963303,normal_delay,3
0.0,247.93,0.0,normal_delay,3
37.0,2175.6,0.017006802721088437,normal_delay,3
128.0,3384.53,0.03781913589183727,normal_delay,3
42.0,1310.24,0.03205519599462694,normal_delay,3
17.0,614.1,0.027682787819573357,normal_delay,3
0.0,610.17,0.0,normal_delay,3
0.0,272.5,0.0,normal_delay,3
0.0,272.5,0.0,normal_delay,3
59.0,1545.37,0.0381785591800022,normal_delay,3
52.0,1541.44,0.033734689640855305,normal_delay,3
11.0,1815.17,0.006060038453698551,normal_delay,3
29.0,1407.6,0.020602443876101165,normal_delay,3
0.0,614.1,0.0,normal_delay,3
0.0,614.1,0.0,normal_delay,3
81.0,3384.53,0.02393242193155327,normal_delay,3
0.0,1386.96,0.0,normal_delay,3
15.0,614.1,0.024425989252564728,normal_delay,3
3.0,614.1,0.004885197850512946,normal_delay,3
62.0,841.37,0.07368934000499186,normal_delay,3
0.0,1386.96,0.0,normal_delay,3
33.0,614.1,0.0537371763556424,normal_delay,3
0.0,1011.96,0.0,normal_delay,3
24.0,1838.13,0.013056747890519168,normal_delay,3
72.0,841.37,0.08557471742515184,normal_delay,3
19.0,1289.6,0.014733250620347395,normal_delay,3
0.0,1032.6,0.0,normal_delay,3
7.0,614.1,0.011398794984530206,normal_delay,3
5.0,614.1,0.008141996417521577,normal_delay,3
0.0,614.1,0.0,normal_delay,3
0.0,589.53,0.0,normal_delay,3
43.0,841.37,0.0511071229066879,normal_delay,3
8.0,882.44,0.009065772177145187,normal_delay,3
0.0,796.16,0.0,normal_delay,3
0.0,614.1,0.0,normal_delay,3
10.0,2175.6,0.00459643316786174,normal_delay,3
51.0,837.44,0.06089988536492166,normal_delay,3
13.0,1407.6,0.00923557828928673,normal_delay,3
108.0,2359.44,0.045773573390296,normal_delay,3
0.0,614.1,0.0,normal_delay,3
33.0,2175.6,0.01516822945394374,normal_delay,3
45.0,1353.6,0.03324468085106383,normal_delay,3
11.0,841.37,0.013073915162175974,normal_delay,3
0.0,614.1,0.0,normal_delay,3
39.0,614.1,0.0635075720566683,normal_delay,3
0.0,614.1,0.0,normal_delay,3
0.0,589.53,0.0,normal_delay,3
42.0,614.1,0.06839276990718124,normal_delay,3
0.0,841.37,0.0,normal_delay,3
0.0,614.1,0.0,normal_delay,3
18.0,614.1,0.029311187103077674,normal_delay,3
38.0,1353.6,0.02807328605200946,normal_delay,3
38.0,820.73,0.04630024490392699,normal_delay,3
0.0,614.1,0.0,normal_delay,3
94.0,2583.17,0.03638939752319824,normal_delay,3
38.0,2175.6,0.01746644603787461,normal_delay,3
13.0,614.1,0.0211691906855561,normal_delay,3
30.0,614.1,0.048851978505129456,normal_delay,3
24.0,610.17,0.03933330055558287,normal_delay,3
0.0,614.1,0.0,normal_delay,3
39.0,2579.24,0.015120733239248773,normal_delay,3
36.0,1017.17,0.0353923139691497,normal_delay,3
0.0,614.1,0.0,normal_delay,3
31.0,1854.6,0.016715194651137712,normal_delay,3
0.0,1386.96,0.0,normal_delay,3
19.0,610.17,0.03113886293983644,normal_delay,3
83.0,4629.44,0.017928734360959427,normal_delay,3
4.0,1353.6,0.0029550827423167852,normal_delay,3
0.0,1428.24,0.0,normal_delay,3
178.0,3827.6,0.04650433692130839,normal_delay,3
0.0,1428.24,0.0,normal_delay,3
20.0,614.1,0.03256798567008631,normal_delay,3
29.0,2579.24,0.011243622152261908,normal_delay,3
0.0,610.17,0.0,normal_delay,3
0.0,614.1,0.0,normal_delay,3
0.0,589.53,0.0,normal_delay,3
0.0,247.93,0.0,normal_delay,3
48.0,1833.96,0.02617287181836027,normal_delay,3
10.0,1353.6,0.007387706855791962,normal_delay,3
0.0,1407.6,0.0,normal_delay,3
3.0,1374.24,0.0021830247991617186,normal_delay,3
0.0,1353.6,0.0,normal_delay,3
26.0,614.1,0.0423383813711122,normal_delay,3
55.0,2994.24,0.018368601047344234,normal_delay,3
36.0,1017.17,0.0353923139691497,normal_delay,3
31.0,1069.8,0.028977378949336326,normal_delay,3
0.0,614.1,0.0,normal_delay,3
70.0,2029.57,0.034490064397877385,normal_delay,3
26.0,992.6,0.02619383437437034,normal_delay,3
26.0,841.37,0.03090198129241594,normal_delay,3
27.0,614.1,0.04396678065461651,normal_delay,3
0.0,614.1,0.0,normal_delay,3
0.0,614.1,0.0,normal_delay,3
36.0,820.73,0.04386338990898347,normal_delay,3
35.0,614.1,0.056993974922651035,normal_delay,3
3.0,614.1,0.004885197850512946,normal_delay,3
30.0,1017.17,0.029493594974291416,normal_delay,3
21.0,841.37,0.02495929258233595,normal_delay,3
39.0,614.1,0.0635075720566683,normal_delay,3
29.0,614.1,0.047223579221625143,normal_delay,3
15.0,614.1,0.024425989252564728,normal_delay,3
0.0,589.53,0.0,normal_delay,3
0.0,614.1,0.0,normal_delay,3
0.0,614.1,0.0,normal_delay,3
32.0,1545.37,0.020707015148475772,normal_delay,3
27.0,1017.17,0.026544235476862275,normal_delay,3
9.0,841.37,0.01069683967814398,normal_delay,3
40.0,614.1,0.06513597134017261,normal_delay,3
26.0,614.1,0.0423383813711122,normal_delay,3
0.0,614.1,0.0,normal_delay,3
15.0,614.1,0.024425989252564728,normal_delay,3
12.0,614.1,0.019540791402051783,normal_delay,3
10.0,614.1,0.016283992835043153,normal_delay,3
21.0,443.3,0.047371982855853825,normal_delay,3
26.0,1773.8,0.014657796820385613,normal_delay,3
1.0,1353.6,0.0007387706855791963,normal_delay,3
31.0,1790.6,0.01731263263710488,normal_delay,3
7.0,1773.8,0.003946329913180742,normal_delay,3
0.0,614.1,0.0,normal_delay,3
4.0,614.1,0.006513597134017261,normal_delay,3
0.0,614.1,0.0,normal_delay,3
45.0,3359.96,0.013393016583530756,normal_delay,3
12.0,614.1,0.019540791402051783,normal_delay,3
25.0,268.57,0.09308560151915701,normal_delay,3
34.0,614.1,0.055365575639146715,normal_delay,3
0.0,1069.8,0.0,normal_delay,3
0.0,1769.96,0.0,normal_delay,3
95.0,2432.8,0.03904965471884248,normal_delay,3
0.0,614.1,0.0,normal_delay,3
0.0,610.17,0.0,normal_delay,3
0.0,614.1,0.0,normal_delay,3
40.0,614.1,0.06513597134017261,normal_delay,3
31.0,1017.17,0.030476714806767797,normal_delay,3
1.0,614.1,0.0016283992835043153,normal_delay,3
0.0,1353.6,0.0,normal_delay,3
0.0,1332.96,0.0,normal_delay,3
14.0,614.1,0.022797589969060412,normal_delay,3
0.0,796.16,0.0,normal_delay,3
0.0,589.53,0.0,normal_delay,3
0.0,614.1,0.0,normal_delay,3
32.0,996.53,0.03211142665047716,normal_delay,3
22.0,614.1,0.03582478423709493,normal_delay,3
18.0,614.1,0.029311187103077674,normal_delay,3
0.0,1332.96,0.0,normal_delay,3
41.0,614.1,0.06676437062367692,normal_delay,3
34.0,614.1,0.055365575639146715,normal_delay,3
0.0,614.1,0.0,normal_delay,3
0.0,614.1,0.0,normal_delay,3
0.0,614.1,0.0,normal_delay,3
26.0,2175.6,0.011950726236440523,normal_delay,3
0.0,1383.6,0.0,normal_delay,3
9.0,614.1,0.014655593551538837,normal_delay,3
1.0,614.1,0.0016283992835043153,normal_delay,3
0.0,614.1,0.0,normal_delay,3
0.0,614.1,0.0,normal_delay,3
75.0,3066.96,0.024454182643399328,normal_delay,3
0.0,614.1,0.0,normal_delay,3
0.0,1011.96,0.0,normal_delay,3
13.0,2562.53,0.005073111339184321,normal_delay,3
7.0,996.53,0.007024374579791878,normal_delay,3
0.0,614.1,0.0,normal_delay,3
117.0,4292.6,0.027256208358570563,normal_delay,3
44.0,272.5,0.1614678899082569,normal_delay,3
0.0,589.53,0.0,normal_delay,3
20.0,268.57,0.07446848121532562,normal_delay,3
0.0,1383.6,0.0,normal_delay,3
0.0,1386.96,0.0,normal_delay,3
2.0,996.53,0.0020069641656548223,normal_delay,3
0.0,614.1,0.0,normal_delay,3
0.0,614.1,0.0,normal_delay,3
12.0,614.1,0.019540791402051783,normal_delay,3
0.0,614.1,0.0,normal_delay,3
29.0,272.5,0.10642201834862386,normal_delay,3
0.0,614.1,0.0,normal_delay,3
0.0,272.5,0.0,normal_delay,3
57.0,614.1,0.09281875915974597,normal_delay,3
0.0,589.53,0.0,normal_delay,3
0.0,589.53,0.0,normal_delay,3
0.0,971.96,0.0,normal_delay,3
0.0,247.93,0.0,normal_delay,3
69.0,2220.8,0.03106988472622478,normal_delay,3
0.0,841.16,0.0,normal_delay,3
40.0,2130.96,0.018770882606900175,normal_delay,3
33.0,1790.6,0.018429576678208423,normal_delay,3
7.0,1428.24,0.004901137063798801,normal_delay,3
49.0,2175.6,0.022522522522522525,normal_delay,3
72.0,1518.24,0.047423332279481506,normal_delay,3
40.0,1289.6,0.031017369727047148,normal_delay,3
4.0,996.53,0.004013928331309645,normal_delay,3
0.0,614.1,0.0,normal_delay,3
116.0,3405.17,0.034065846932752254,normal_delay,3
32.0,1310.24,0.024423006472096716,normal_delay,3
0.0,796.16,0.0,normal_delay,3
0.0,589.53,0.0,normal_delay,3
18.0,1497.6,0.01201923076923077,normal_delay,3
0.0,1268.96,0.0,normal_delay,3
46.0,2196.24,0.02094488762612465,normal_delay,3
63.0,3087.6,0.020404197434900895,normal_delay,3
45.0,1794.53,0.025076203797094503,normal_delay,3
9.0,882.44,0.010198993699288336,normal_delay,3
0.0,614.1,0.0,normal_delay,3
0.0,589.53,0.0,normal_delay,3
0.0,272.5,0.0,normal_delay,3
58.0,1545.37,0.03753146495661233,normal_delay,3
7.0,882.44,0.007932550655002039,normal_delay,3
0.0,820.73,0.0,normal_delay,3
17.0,1815.17,0.009365513973897762,normal_delay,3
0.0,247.93,0.0,normal_delay,3
4.0,861.8,0.004641448131817127,normal_delay,3
0.0,247.93,0.0,normal_delay,3
33.0,1545.37,0.02135410937186564,normal_delay,3
46.0,2583.17,0.01780757751135233,normal_delay,3
0.0,1289.6,0.0,normal_delay,3
3.0,882.44,0.0033996645664294456,normal_delay,3
33.0,614.1,0.0537371763556424,normal_delay,3
208.0,3681.37,0.056500704900621236,normal_delay,3
0.0,971.96,0.0,normal_delay,3
30.0,1790.6,0.01675416061655311,normal_delay,3
28.0,614.1,0.045595179938120824,normal_delay,3
26.0,614.1,0.0423383813711122,normal_delay,3
19.0,614.1,0.03093958638658199,normal_delay,3
234.0,4066.57,0.057542351416550064,normal_delay,3
84.0,2472.44,0.03397453527689246,normal_delay,3
0.0,610.17,0.0,normal_delay,3
27.0,1875.24,0.014398157035899405,normal_delay,3
0.0,1332.96,0.0,normal_delay,3
12.0,614.1,0.019540791402051783,normal_delay,3
0.0,247.93,0.0,normal_delay,3
65.0,3677.44,0.017675339366515837,normal_delay,3
73.0,2359.44,0.03093954497677415,normal_delay,3
41.0,1582.36,0.02591066508253495,normal_delay,3
0.0,1332.96,0.0,normal_delay,3
24.0,614.1,0.039081582804103565,normal_delay,3
2.0,610.17,0.0032777750462985727,normal_delay,3
0.0,589.53,0.0,normal_delay,3
29.0,1811.24,0.016011130496234625,normal_delay,3
20.0,614.1,0.03256798567008631,normal_delay,3
6.0,614.1,0.009770395701025891,normal_delay,3
65.0,2359.44,0.027548909910826296,normal_delay,3
20.0,1790.6,0.011169440411035408,normal_delay,3
31.0,1407.6,0.02202330207445297,normal_delay,3
19.0,614.1,0.03093958638658199,normal_delay,3
52.0,2175.6,0.023901452472881047,normal_delay,3
0.0,861.8,0.0,normal_delay,3
18.0,614.1,0.029311187103077674,normal_delay,3
0.0,610.17,0.0,normal_delay,3
0.0,589.53,0.0,normal_delay,3
0.0,589.53,0.0,normal_delay,3
1.0,614.1,0.0016283992835043153,normal_delay,3
0.0,610.17,0.0,normal_delay,3
0.0,614.1,0.0,normal_delay,3
50.0,1704.44,0.029335148201168712,normal_delay,3
6.0,1790.6,0.0033508321233106223,normal_delay,3
23.0,614.1,0.03745318352059925,normal_delay,3
10.0,614.1,0.016283992835043153,normal_delay,3
46.0,1815.17,0.02534197898819394,normal_delay,3
9.0,614.1,0.014655593551538837,normal_delay,3
0.0,614.1,0.0,normal_delay,3
22.0,1582.36,0.013903283702823632,normal_delay,3
38.0,614.1,0.06187917277316398,normal_delay,3
33.0,614.1,0.0537371763556424,normal_delay,3
0.0,796.16,0.0,normal_delay,3
9.0,1790.6,0.005026248184965934,normal_delay,3
59.0,841.37,0.07012372677894387,normal_delay,3
35.0,1013.24,0.034542655244562,normal_delay,3
36.0,841.37,0.04278735871257592,normal_delay,3
48.0,614.1,0.07816316560820713,normal_delay,3
185.0,3294.64,0.05615181021295195,normal_delay,3
81.0,1838.13,0.044066524130502195,normal_delay,3
5.0,2025.64,0.0024683556801800913,normal_delay,3
21.0,1407.6,0.014919011082693948,normal_delay,3
8.0,1374.24,0.005821399464431249,normal_delay,3
76.0,1813.56,0.0419065263900836,normal_delay,3
65.0,2029.57,0.03202648836945757,normal_delay,3
0.0,1353.6,0.0,normal_delay,3
3.0,1383.6,0.0021682567215958373,normal_delay,3
41.0,614.1,0.06676437062367692,normal_delay,3
0.0,796.16,0.0,normal_delay,3
3.0,614.1,0.004885197850512946,normal_delay,3
61.0,841.37,0.07250080226297587,normal_delay,3
34.0,1017.17,0.03342607430419694,normal_delay,3
0.0,614.1,0.0,normal_delay,3
0.0,443.3,0.0,normal_delay,3
179.0,3812.24,0.0469540217824691,normal_delay,3
13.0,1815.17,0.007161863627098288,normal_delay,3
0.0,1013.24,0.0,normal_delay,3
69.0,1854.6,0.03720478809446781,normal_delay,3
79.0,1834.2,0.04307054846799695,normal_delay,3
32.0,443.3,0.07218587863749154,normal_delay,3
0.0,589.53,0.0,normal_delay,3
141.0,2201.6,0.06404433139534883,normal_delay,3
53.0,816.8,0.0648873653281097,normal_delay,3
0.0,841.37,0.0,normal_delay,3
0.0,614.1,0.0,normal_delay,3
0.0,614.1,0.0,normal_delay,3
174.0,3791.6,0.04589091676337166,normal_delay,3
21.0,841.37,0.02495929258233595,normal_delay,3
41.0,614.1,0.06676437062367692,normal_delay,3
33.0,614.1,0.0537371763556424,normal_delay,3
13.0,841.37,0.01545099064620797,normal_delay,3
0.0,614.1,0.0,normal_delay,3
39.0,837.44,0.04657050057317539,normal_delay,3
0.0,589.53,0.0,normal_delay,3
96.0,2436.73,0.03939706081510877,normal_delay,3
27.0,1310.24,0.020606911710831604,normal_delay,3
33.0,1017.17,0.03244295447172056,normal_delay,3
38.0,614.1,0.06187917277316398,normal_delay,3
22.0,614.1,0.03582478423709493,normal_delay,3
158.0,3791.6,0.04167106234834898,normal_delay,3
26.0,1374.24,0.01891954825940156,normal_delay,3
11.0,1407.6,0.007814720090934925,normal_delay,3
0.0,1353.6,0.0,normal_delay,3
0.0,1332.96,0.0,normal_delay,3
0.0,614.1,0.0,normal_delay,3
135.0,3275.44,0.04121583665095376,normal_delay,3
81.0,2432.8,0.033294968760276225,normal_delay,3
44.0,2180.96,0.02017460201012398,normal_delay,3
9.0,1404.24,0.006409160827209024,normal_delay,3
43.0,996.53,0.04314972956157868,normal_delay,3
38.0,614.1,0.06187917277316398,normal_delay,3
0.0,589.53,0.0,normal_delay,3
66.0,1497.6,0.044070512820512824,normal_delay,3
34.0,996.53,0.03411839081613198,normal_delay,3
16.0,614.1,0.026054388536069045,normal_delay,3
0.0,614.1,0.0,normal_delay,3
0.0,443.3,0.0,normal_delay,3
116.0,3254.8,0.035639670640285115,normal_delay,3
89.0,2558.6,0.03478464785429532,normal_delay,3
23.0,614.1,0.03745318352059925,normal_delay,3
20.0,614.1,0.03256798567008631,normal_delay,3
19.0,614.1,0.03093958638658199,normal_delay,3
0.0,614.1,0.0,normal_delay,3
38.0,614.1,0.06187917277316398,normal_delay,3
5.0,614.1,0.008141996417521577,normal_delay,3
0.0,614.1,0.0,normal_delay,3
0.0,614.1,0.0,normal_delay,3
33.0,614.1,0.0537371763556424,normal_delay,3
0.0,837.44,0.0,normal_delay,3
3.0,1500.16,0.001999786689419795,normal_delay,3
18.0,996.53,0.0180626774908934,normal_delay,3
28.0,614.1,0.045595179938120824,normal_delay,3
8.0,610.17,0.013111100185194291,normal_delay,3
26.0,443.3,0.05865102639296187,normal_delay,3
0.0,614.1,0.0,normal_delay,3
0.0,614.1,0.0,normal_delay,3
1.0,443.3,0.0022558087074216106,normal_delay,3
44.0,1516.8,0.0290084388185654,normal_delay,3
35.0,614.1,0.056993974922651035,normal_delay,3
29.0,614.1,0.047223579221625143,normal_delay,3
27.0,614.1,0.04396678065461651,normal_delay,3
16.0,614.1,0.026054388536069045,normal_delay,3
2.0,614.1,0.0032567985670086306,normal_delay,3
0.0,610.17,0.0,normal_delay,3
0.0,614.1,0.0,normal_delay,3
48.0,614.1,0.07816316560820713,normal_delay,3
37.0,614.1,0.06025077348965966,normal_delay,3
0.0,614.1,0.0,normal_delay,3
0.0,614.1,0.0,normal_delay,3
26.0,614.1,0.0423383813711122,normal_delay,3
11.0,614.1,0.017912392118547466,normal_delay,3
2.0,614.1,0.0032567985670086306,normal_delay,3
0.0,614.1,0.0,normal_delay,3
0.0,268.57,0.0,normal_delay,3
33.0,614.1,0.0537371763556424,normal_delay,3
10.0,614.1,0.016283992835043153,normal_delay,3
0.0,614.1,0.0,normal_delay,3
17.0,614.1,0.027682787819573357,normal_delay,3
20.0,614.1,0.03256798567008631,normal_delay,3
0.0,589.53,0.0,normal_delay,3
0.0,614.1,0.0,normal_delay,3
10.0,614.1,0.016283992835043153,normal_delay,3
1.0,614.1,0.0016283992835043153,normal_delay,3
1.0,614.1,0.0016283992835043153,normal_delay,3
0.0,614.1,0.0,normal_delay,3
39.0,1497.6,0.026041666666666668,normal_delay,3
12.0,1404.24,0.008545547769612033,normal_delay,3
31.0,1017.17,0.030476714806767797,normal_delay,3
25.0,614.1,0.04070998208760788,normal_delay,3
0.0,614.1,0.0,normal_delay,3
7.0,1017.17,0.006881838827334664,normal_delay,3
13.0,614.1,0.0211691906855561,normal_delay,3
35.0,272.5,0.12844036697247707,normal_delay,3
15.0,1733.96,0.00865071858635724,normal_delay,3
0.0,614.1,0.0,normal_delay,3
0.0,2180.96,0.0,normal_delay,3
22.0,268.57,0.08191532933685818,normal_delay,3
0.0,1011.96,0.0,normal_delay,3
13.0,268.57,0.04840451278996165,normal_delay,3
0.0,614.1,0.0,normal_delay,3
118.0,2201.6,0.05359738372093024,normal_delay,3
0.0,614.1,0.0,normal_delay,3
0.0,614.1,0.0,normal_delay,3
92.0,3384.53,0.027182503922258038,normal_delay,3
43.0,2973.6,0.0144605864944848,normal_delay,3
0.0,1790.6,0.0,normal_delay,3
30.0,2562.53,0.01170718001350228,normal_delay,3
65.0,1524.73,0.04263049851449109,normal_delay,3
41.0,614.1,0.06676437062367692,normal_delay,3
0.0,614.1,0.0,normal_delay,3
0.0,247.93,0.0,normal_delay,3
33.0,2154.96,0.015313509299476556,normal_delay,3
7.0,1032.6,0.006779004454774357,normal_delay,3
84.0,3022.16,0.027794689890674223,normal_delay,3
0.0,1815.17,0.0,normal_delay,3
25.0,1428.24,0.017504060942138577,normal_delay,3
22.0,2952.96,0.00745015171218032,normal_delay,3
0.0,1386.96,0.0,normal_delay,3
28.0,882.44,0.031730202620008155,normal_delay,3
11.0,614.1,0.017912392118547466,normal_delay,3
0.0,816.8,0.0,normal_delay,3
0.0,1794.53,0.0,normal_delay,3
7.0,882.44,0.007932550655002039,normal_delay,3
8.0,610.17,0.013111100185194291,normal_delay,3
91.0,2340.24,0.03888490069394592,normal_delay,3
24.0,2952.96,0.008127438231469442,normal_delay,3
30.0,1289.6,0.02326302729528536,normal_delay,3
11.0,2562.53,0.004292632671617502,normal_delay,3
0.0,1790.6,0.0,normal_delay,3
7.0,610.17,0.011472212662045005,normal_delay,3
79.0,1524.73,0.05181245204068917,normal_delay,3
9.0,882.44,0.010198993699288336,normal_delay,3
117.0,3401.24,0.034399219108325205,normal_delay,3
12.0,1524.73,0.007870245879598356,normal_delay,3
0.0,992.6,0.0,normal_delay,3
0.0,589.53,0.0,normal_delay,3
22.0,1310.24,0.01679081694956649,normal_delay,3
40.0,861.8,0.046414481318171275,normal_delay,3
0.0,1386.96,0.0,normal_delay,3
8.0,1053.24,0.007595609737571683,normal_delay,3
54.0,1794.53,0.030091444556513407,normal_delay,3
23.0,1310.24,0.017554035901819514,normal_delay,3
8.0,1289.6,0.00620347394540943,normal_delay,3
1.0,610.17,0.0016388875231492864,normal_delay,3
56.0,1545.37,0.0362372765098326,normal_delay,3
0.0,610.17,0.0,normal_delay,3
44.0,1811.24,0.024292749718424947,normal_delay,3
0.0,614.1,0.0,normal_delay,3
28.0,1545.37,0.0181186382549163,normal_delay,3
0.0,610.17,0.0,normal_delay,3
0.0,614.1,0.0,normal_delay,3
0.0,610.17,0.0,normal_delay,3
0.0,614.1,0.0,normal_delay,3
0.0,589.53,0.0,normal_delay,3
45.0,1794.53,0.025076203797094503,normal_delay,3
8.0,1790.6,0.004467776164414163,normal_delay,3
11.0,1407.6,0.007814720090934925,normal_delay,3
0.0,816.8,0.0,normal_delay,3
0.0,247.93,0.0,normal_delay,3
37.0,1374.24,0.026923972522994527,normal_delay,3
0.0,610.17,0.0,normal_delay,3
0.0,614.1,0.0,normal_delay,3
6.0,1407.6,0.004262574595055414,normal_delay,3
25.0,614.1,0.04070998208760788,normal_delay,3
296.0,5256.3,0.05631337632935715,normal_delay,3
1.0,1407.6,0.0007104290991759022,normal_delay,3
0.0,1386.96,0.0,normal_delay,3
30.0,614.1,0.048851978505129456,normal_delay,3
72.0,2579.24,0.027915199826305425,normal_delay,3
18.0,614.1,0.029311187103077674,normal_delay,3
5.0,614.1,0.008141996417521577,normal_delay,3
0.0,614.1,0.0,normal_delay,3
23.0,614.1,0.03745318352059925,normal_delay,3
0.0,614.1,0.0,normal_delay,3
0.0,247.93,0.0,normal_delay,3
30.0,443.3,0.06767426122264832,normal_delay,3
22.0,614.1,0.03582478423709493,normal_delay,3
29.0,614.1,0.047223579221625143,normal_delay,3
11.0,614.1,0.017912392118547466,normal_delay,3
12.0,1013.24,0.011843196083849828,normal_delay,3
7.0,614.1,0.011398794984530206,normal_delay,3
2.0,614.1,0.0032567985670086306,normal_delay,3
0.0,614.1,0.0,normal_delay,3
9.0,614.1,0.014655593551538837,normal_delay,3
4.0,992.6,0.004029820672980053,normal_delay,3
19.0,614.1,0.03093958638658199,normal_delay,3
0.0,1794.53,0.0,normal_delay,3
31.0,614.1,0.05048037778863377,normal_delay,3
31.0,614.1,0.05048037778863377,normal_delay,3
0.0,820.73,0.0,normal_delay,3
0.0,589.53,0.0,normal_delay,3
0.0,614.1,0.0,normal_delay,3
109.0,2601.96,0.041891497179049636,normal_delay,3
25.0,614.1,0.04070998208760788,normal_delay,3
0.0,614.1,0.0,normal_delay,3
0.0,589.53,0.0,normal_delay,3
54.0,1854.6,0.029116790682626983,normal_delay,3
29.0,996.53,0.029100980401994922,normal_delay,3
10.0,614.1,0.016283992835043153,normal_delay,3
0.0,614.1,0.0,normal_delay,3
0.0,614.1,0.0,normal_delay,3
46.0,614.1,0.0749063670411985,normal_delay,3
42.0,614.1,0.06839276990718124,normal_delay,3
69.0,1404.24,0.049136899675269186,normal_delay,3
21.0,1833.96,0.011450631420532618,normal_delay,3
32.0,1017.17,0.03145983463924418,normal_delay,3
16.0,610.17,0.026222200370388582,normal_delay,3
14.0,614.1,0.022797589969060412,normal_delay,3
0.0,614.1,0.0,normal_delay,3
0.0,1428.24,0.0,normal_delay,3
0.0,614.1,0.0,normal_delay,3
11.0,996.53,0.011038302911101522,normal_delay,3
25.0,443.3,0.05639521768554027,normal_delay,3
11.0,996.53,0.011038302911101522,normal_delay,3
0.0,1011.96,0.0,normal_delay,3
30.0,1815.17,0.01652737760099605,normal_delay,3
46.0,1815.17,0.02534197898819394,normal_delay,3
33.0,1476.96,0.022343191420214494,normal_delay,3
15.0,1407.6,0.010656436487638534,normal_delay,3
0.0,614.1,0.0,normal_delay,3
0.0,614.1,0.0,normal_delay,3
0.0,992.6,0.0,normal_delay,3
2.0,610.17,0.0032777750462985727,normal_delay,3
0.0,589.53,0.0,normal_delay,3
44.0,2622.6,0.016777243956379168,normal_delay,3
0.0,996.53,0.0,normal_delay,3
57.0,2994.24,0.01903655017633857,normal_delay,3
25.0,1407.6,0.017760727479397557,normal_delay,3
0.0,1268.96,0.0,normal_delay,3
3.0,1404.24,0.002136386942403008,normal_delay,3
28.0,1353.6,0.020685579196217496,normal_delay,3
33.0,614.1,0.0537371763556424,normal_delay,3
17.0,614.1,0.027682787819573357,normal_delay,3
0.0,614.1,0.0,normal_delay,3
20.0,1794.53,0.011144979465375335,normal_delay,3
0.0,796.16,0.0,normal_delay,3
29.0,614.1,0.047223579221625143,normal_delay,3
42.0,841.37,0.0499185851646719,normal_delay,3
15.0,614.1,0.024425989252564728,normal_delay,3
7.0,1815.17,0.0038563881068990782,normal_delay,3
11.0,614.1,0.017912392118547466,normal_delay,3
0.0,614.1,0.0,normal_delay,3
7.0,272.5,0.025688073394495414,normal_delay,3
41.0,272.5,0.15045871559633028,normal_delay,3
15.0,272.5,0.05504587155963303,normal_delay,3
35.0,1733.96,0.02018501003483356,normal_delay,3
37.0,614.1,0.06025077348965966,normal_delay,3
0.0,878.36,0.0,normal_delay,3
29.0,268.57,0.10797929776222215,normal_delay,3
0.0,589.53,0.0,normal_delay,3
0.0,614.1,0.0,normal_delay,3
83.0,2455.93,0.03379575150757554,normal_delay,3
23.0,614.1,0.03745318352059925,normal_delay,3
0.0,272.5,0.0,normal_delay,3
38.0,614.1,0.06187917277316398,normal_delay,3
31.0,614.1,0.05048037778863377,normal_delay,3
26.0,614.1,0.0423383813711122,normal_delay,3
15.0,614.1,0.024425989252564728,normal_delay,3
0.0,614.1,0.0,normal_delay,3
0.0,1332.96,0.0,normal_delay,3
21.0,610.17,0.034416637986135014,normal_delay,3
0.0,1386.96,0.0,normal_delay,3
20.0,614.1,0.03256798567008631,normal_delay,3
8.0,614.1,0.013027194268034522,normal_delay,3
0.0,589.53,0.0,normal_delay,3
112.0,2201.6,0.050872093023255814,normal_delay,3
71.0,1583.8,0.044828892536936484,normal_delay,3
7.0,614.1,0.011398794984530206,normal_delay,3
7.0,614.1,0.011398794984530206,normal_delay,3
0.0,614.1,0.0,normal_delay,3
181.0,5021.17,0.03604737541250346,normal_delay,3
0.0,1386.96,0.0,normal_delay,3
0.0,796.16,0.0,normal_delay,3
0.0,614.1,0.0,normal_delay,3
0.0,589.53,0.0,normal_delay,3
1.0,614.1,0.0016283992835043153,normal_delay,3
0.0,614.1,0.0,normal_delay,3
0.0,614.1,0.0,normal_delay,3
153.0,3254.8,0.04700749662037606,normal_delay,3
17.0,3359.96,0.005059584042667174,normal_delay,3
56.0,1310.24,0.04274026132616925,normal_delay,3
0.0,841.16,0.0,normal_delay,3
57.0,1289.6,0.044199751861042184,normal_delay,3
8.0,1383.6,0.005782017924255566,normal_delay,3
0.0,1407.6,0.0,normal_delay,3
0.0,1383.6,0.0,normal_delay,3
8.0,610.17,0.013111100185194291,normal_delay,3
0.0,614.1,0.0,normal_delay,3
115.0,3681.37,0.031238370497939625,normal_delay,3
82.0,2222.24,0.036899704802361585,normal_delay,3
19.0,1310.24,0.014501160092807424,normal_delay,3
8.0,610.17,0.013111100185194291,normal_delay,3
122.0,1815.0,0.06721763085399449,normal_delay,3
0.0,614.1,0.0,normal_delay,3
0.0,610.17,0.0,normal_delay,3
0.0,1383.6,0.0,normal_delay,3
1.0,861.8,0.0011603620329542817,normal_delay,3
0.0,614.1,0.0,normal_delay,3
0.0,796.16,0.0,normal_delay,3
0.0,272.5,0.0,normal_delay,3
7.0,1754.6,0.003989513279379916,normal_delay,3
28.0,1013.24,0.0276341241956496,normal_delay,3
12.0,882.44,0.013598658265717782,normal_delay,3
0.0,1032.6,0.0,normal_delay,3
9.0,614.1,0.014655593551538837,normal_delay,3
75.0,2558.6,0.029312905495192686,normal_delay,3
86.0,2558.6,0.03361213163448761,normal_delay,3
0.0,589.53,0.0,normal_delay,3
35.0,3380.6,0.010353191741111045,normal_delay,3
10.0,820.73,0.01218427497471763,normal_delay,3
0.0,614.1,0.0,normal_delay,3
41.0,614.1,0.06676437062367692,normal_delay,3
39.0,614.1,0.0635075720566683,normal_delay,3
32.0,614.1,0.05210877707213809,normal_delay,3
1.0,820.73,0.001218427497471763,normal_delay,3
0.0,589.53,0.0,normal_delay,3
21.0,1032.6,0.02033701336432307,normal_delay,3
12.0,1032.6,0.011621150493898898,normal_delay,3
4.0,614.1,0.006513597134017261,normal_delay,3
0.0,614.1,0.0,normal_delay,3
0.0,589.53,0.0,normal_delay,3
0.0,614.1,0.0,normal_delay,3
6.0,1790.6,0.0033508321233106223,normal_delay,3
19.0,1794.53,0.010587730492106569,normal_delay,3
1.0,882.44,0.0011332215221431484,normal_delay,3
0.0,268.57,0.0,normal_delay,3
29.0,1518.24,0.019101064390346718,normal_delay,3
0.0,614.1,0.0,normal_delay,3
53.0,3022.16,0.017537125764353973,normal_delay,3
51.0,2175.6,0.02344180915609487,normal_delay,3
31.0,1428.24,0.021705035568251835,normal_delay,3
117.0,2220.8,0.052683717579250715,normal_delay,3
17.0,2154.96,0.007888777517912166,normal_delay,3
21.0,1518.24,0.013831805248182106,normal_delay,3
0.0,992.6,0.0,normal_delay,3
0.0,610.17,0.0,normal_delay,3
65.0,1524.73,0.04263049851449109,normal_delay,3
0.0,1386.96,0.0,normal_delay,3
0.0,614.1,0.0,normal_delay,3
16.0,820.73,0.019494839959548208,normal_delay,3
0.0,614.1,0.0,normal_delay,3
35.0,2558.6,0.013679355897756587,normal_delay,3
3.0,2154.96,0.0013921372090433233,normal_delay,3
0.0,1386.96,0.0,normal_delay,3
31.0,614.1,0.05048037778863377,normal_delay,3
0.0,614.1,0.0,normal_delay,3
66.0,1524.73,0.043286352337790955,normal_delay,3
57.0,1310.24,0.043503480278422275,normal_delay,3
81.0,2436.73,0.033241270062748025,normal_delay,3
105.0,1794.44,0.058514076815050935,normal_delay,3
36.0,2130.96,0.016893794346210158,normal_delay,3
89.0,1520.8,0.058521830615465543,normal_delay,3
26.0,996.53,0.02609053415351269,normal_delay,3
4.0,996.53,0.004013928331309645,normal_delay,3
19.0,614.1,0.03093958638658199,normal_delay,3
25.0,2154.96,0.01160114340869436,normal_delay,3
48.0,1310.24,0.03663450970814507,normal_delay,3
26.0,1310.24,0.01984369275857858,normal_delay,3
28.0,841.37,0.033279056776447935,normal_delay,3
42.0,443.3,0.09474396571170765,normal_delay,3
32.0,614.1,0.05210877707213809,normal_delay,3
11.0,614.1,0.017912392118547466,normal_delay,3
0.0,614.1,0.0,normal_delay,3
38.0,614.1,0.06187917277316398,normal_delay,3
29.0,614.1,0.047223579221625143,normal_delay,3
12.0,614.1,0.019540791402051783,normal_delay,3
0.0,443.3,0.0,normal_delay,3
38.0,1773.8,0.021422933814409743,normal_delay,3
0.0,1332.96,0.0,normal_delay,3
58.0,2558.6,0.022668646916282342,normal_delay,3
72.0,1524.73,0.04722147527759013,normal_delay,3
24.0,1069.8,0.022434099831744252,normal_delay,3
27.0,1090.44,0.024760647078243644,normal_delay,3
26.0,610.17,0.042611075601881446,normal_delay,3
38.0,2583.17,0.014710607509378013,normal_delay,3
15.0,1090.44,0.013755915043468691,normal_delay,3
0.0,614.1,0.0,normal_delay,3
65.0,2151.6,0.03021007622234616,normal_delay,3
11.0,610.17,0.01802776275464215,normal_delay,3
0.0,614.1,0.0,normal_delay,3
148.0,4296.53,0.03444640209657561,normal_delay,3
14.0,1582.36,0.008847544174524128,normal_delay,3
0.0,900.44,0.0,normal_delay,3
0.0,614.1,0.0,normal_delay,3
13.0,1407.6,0.00923557828928673,normal_delay,3
0.0,614.1,0.0,normal_delay,3
109.0,2432.8,0.044804340677408745,normal_delay,3
0.0,589.53,0.0,normal_delay,3
0.0,614.1,0.0,normal_delay,3
49.0,2151.6,0.0227737497676148,normal_delay,3
21.0,614.1,0.03419638495359062,normal_delay,3
0.0,589.53,0.0,normal_delay,3
0.0,614.1,0.0,normal_delay,3
33.0,614.1,0.0537371763556424,normal_delay,3
24.0,614.1,0.039081582804103565,normal_delay,3
115.0,3275.44,0.03510978677673839,normal_delay,3
36.0,1794.53,0.020060963037675603,normal_delay,3
35.0,1476.96,0.023697324233560826,normal_delay,3
43.0,1017.17,0.04227415279648437,normal_delay,3
0.0,1289.6,0.0,normal_delay,3
3.0,614.1,0.004885197850512946,normal_delay,3
218.0,4296.53,0.05073861930441543,normal_delay,3
42.0,1017.17,0.04129103296400798,normal_delay,3
135.0,3441.24,0.03923004498378492,normal_delay,3
0.0,996.53,0.0,normal_delay,3
0.0,796.16,0.0,normal_delay,3
84.0,2994.24,0.028053863417762104,normal_delay,3
41.0,1520.8,0.026959495002630195,normal_delay,3
37.0,614.1,0.06025077348965966,normal_delay,3
0.0,614.1,0.0,normal_delay,3
34.0,1497.6,0.022702991452991456,normal_delay,3
21.0,443.3,0.047371982855853825,normal_delay,3
0.0,614.1,0.0,normal_delay,3
0.0,589.53,0.0,normal_delay,3
78.0,2973.6,0.026230831315577078,normal_delay,3
3.0,1383.6,0.0021682567215958373,normal_delay,3
42.0,614.1,0.06839276990718124,normal_delay,3
38.0,614.1,0.06187917277316398,normal_delay,3
0.0,614.1,0.0,normal_delay,3
0.0,589.53,0.0,normal_delay,3
84.0,1404.24,0.05981883438728423,normal_delay,3
0.0,1407.6,0.0,normal_delay,3
48.0,614.1,0.07816316560820713,normal_delay,3
5.0,837.44,0.0059705769965609475,normal_delay,3
0.0,614.1,0.0,normal_delay,3
0.0,589.53,0.0,normal_delay,3
12.0,614.1,0.019540791402051783,normal_delay,3
0.0,614.1,0.0,normal_delay,3
0.0,443.3,0.0,normal_delay,3
40.0,1811.24,0.02208431792584086,normal_delay,3
20.0,1476.96,0.013541328133463329,normal_delay,3
34.0,2994.24,0.01135513519290371,normal_delay,3
58.0,2196.24,0.02640877135467891,normal_delay,3
31.0,2196.24,0.01411503296543183,normal_delay,3
23.0,1790.6,0.012844856472690718,normal_delay,3
38.0,1794.53,0.021175460984213138,normal_delay,3
9.0,1854.6,0.004852798447104497,normal_delay,3
33.0,272.5,0.12110091743119267,normal_delay,3
0.0,614.1,0.0,normal_delay,3
0.0,589.53,0.0,normal_delay,3
10.0,272.5,0.03669724770642202,normal_delay,3
0.0,272.5,0.0,normal_delay,3
2.0,1407.6,0.0014208581983518045,normal_delay,3
3.0,1353.6,0.002216312056737589,normal_delay,3
38.0,1815.17,0.020934678294594996,normal_delay,3
11.0,1790.6,0.006143192226069474,normal_delay,3
4.0,1017.17,0.003932479329905522,normal_delay,3
0.0,614.1,0.0,normal_delay,3
0.0,816.8,0.0,normal_delay,3
30.0,1794.53,0.016717469198063002,normal_delay,3
8.0,614.1,0.013027194268034522,normal_delay,3
0.0,614.1,0.0,normal_delay,3
0.0,589.53,0.0,normal_delay,3
0.0,272.5,0.0,normal_delay,3
15.0,2558.6,0.005862581099038537,normal_delay,3
0.0,1362.96,0.0,normal_delay,3
32.0,861.8,0.037131585054537015,normal_delay,3
27.0,610.17,0.04424996312503073,normal_delay,3
24.0,614.1,0.039081582804103565,normal_delay,3
9.0,614.1,0.014655593551538837,normal_delay,3
0.0,589.53,0.0,normal_delay,3
40.0,820.73,0.04873709989887052,normal_delay,3
29.0,610.17,0.047527738171329305,normal_delay,3
48.0,1583.8,0.030306856926379595,normal_delay,3
28.0,861.8,0.03249013692271989,normal_delay,3
27.0,820.73,0.0328975424317376,normal_delay,3
1.0,614.1,0.0016283992835043153,normal_delay,3
0.0,614.1,0.0,normal_delay,3
13.0,610.17,0.021305537800940723,normal_delay,3
4.0,992.6,0.004029820672980053,normal_delay,3
0.0,614.1,0.0,normal_delay,3
0.0,614.1,0.0,normal_delay,3
0.0,614.1,0.0,normal_delay,3
0.0,614.1,0.0,normal_delay,3
42.0,614.1,0.06839276990718124,normal_delay,3
0.0,614.1,0.0,normal_delay,3
0.0,796.16,0.0,normal_delay,3
0.0,610.17,0.0,normal_delay,3
62.0,1013.24,0.061189846433224115,normal_delay,3
28.0,614.1,0.045595179938120824,normal_delay,3
23.0,614.1,0.03745318352059925,normal_delay,3
0.0,610.17,0.0,normal_delay,3
97.0,3277.93,0.029591846073589126,normal_delay,3
0.0,1383.6,0.0,normal_delay,3
0.0,589.53,0.0,normal_delay,3
0.0,614.1,0.0,normal_delay,3
37.0,614.1,0.06025077348965966,normal_delay,3
19.0,614.1,0.03093958638658199,normal_delay,3
13.0,614.1,0.0211691906855561,normal_delay,3
8.0,614.1,0.013027194268034522,normal_delay,3
0.0,614.1,0.0,normal_delay,3
24.0,614.1,0.039081582804103565,normal_delay,3
6.0,614.1,0.009770395701025891,normal_delay,3
0.0,610.17,0.0,normal_delay,3
0.0,1383.6,0.0,normal_delay,3
0.0,247.93,0.0,normal_delay,3
13.0,614.1,0.0211691906855561,normal_delay,3
1.0,1013.24,0.0009869330069874856,normal_delay,3
0.0,1013.24,0.0,normal_delay,3
4.0,614.1,0.006513597134017261,normal_delay,3
0.0,614.1,0.0,normal_delay,3
13.0,614.1,0.0211691906855561,normal_delay,3
46.0,841.37,0.05467273613273589,normal_delay,3
6.0,1069.8,0.005608524957936063,normal_delay,3
5.0,614.1,0.008141996417521577,normal_delay,3
0.0,589.53,0.0,normal_delay,3
54.0,841.37,0.06418103806886388,normal_delay,3
19.0,614.1,0.03093958638658199,normal_delay,3
0.0,614.1,0.0,normal_delay,3
0.0,614.1,0.0,normal_delay,3
2.0,841.37,0.0023770754840319952,normal_delay,3
1.0,614.1,0.0016283992835043153,normal_delay,3
31.0,614.1,0.05048037778863377,normal_delay,3
35.0,841.37,0.04159882097055992,normal_delay,3
23.0,820.73,0.028023832441850548,normal_delay,3
0.0,614.1,0.0,normal_delay,3
0.0,614.1,0.0,normal_delay,3
42.0,2952.96,0.014223016905071521,normal_delay,3
3.0,614.1,0.004885197850512946,normal_delay,3
0.0,2154.96,0.0,normal_delay,3
33.0,443.3,0.07444168734491315,normal_delay,3
0.0,589.53,0.0,normal_delay,3
0.0,1386.96,0.0,normal_delay,3
43.0,614.1,0.07002116919068556,normal_delay,3
268.0,5227.8,0.05126439420023719,normal_delay,3
39.0,1790.6,0.021780408801519047,normal_delay,3
0.0,614.1,0.0,normal_delay,3
1.0,1500.16,0.0006665955631399317,normal_delay,3
0.0,1362.96,0.0,normal_delay,3
0.0,614.1,0.0,normal_delay,3
0.0,614.1,0.0,normal_delay,3
0.0,614.1,0.0,normal_delay,3
110.0,3258.73,0.033755481429882196,normal_delay,3
28.0,610.17,0.04588885064818002,normal_delay,3
81.0,1545.37,0.0524146320945793,normal_delay,3
14.0,816.8,0.01714005876591577,normal_delay,3
0.0,614.1,0.0,normal_delay,3
11.0,1032.6,0.01065272128607399,normal_delay,3
59.0,1520.8,0.03879537085744345,normal_delay,3
34.0,614.1,0.055365575639146715,normal_delay,3
0.0,443.3,0.0,normal_delay,3
39.0,2562.53,0.015219334017552964,normal_delay,3
27.0,2196.24,0.012293738389247078,normal_delay,3
25.0,614.1,0.04070998208760788,normal_delay,3
0.0,610.17,0.0,normal_delay,3
0.0,614.1,0.0,normal_delay,3
41.0,2196.24,0.018668269405893712,normal_delay,3
30.0,614.1,0.048851978505129456,normal_delay,3
0.0,589.53,0.0,normal_delay,3
25.0,1545.37,0.016177355584746696,normal_delay,3
11.0,614.1,0.017912392118547466,normal_delay,3
22.0,443.3,0.04962779156327543,normal_delay,3
1.0,614.1,0.0016283992835043153,normal_delay,3
113.0,2241.44,0.05041401955885502,normal_delay,3
5.0,1053.24,0.004747256085982302,normal_delay,3
3.0,1032.6,0.0029052876234747244,normal_delay,3
6.0,614.1,0.009770395701025891,normal_delay,3
64.0,1520.8,0.04208311415044713,normal_delay,3
2.0,1407.6,0.0014208581983518045,normal_delay,3
0.0,1032.6,0.0,normal_delay,3
0.0,589.53,0.0,normal_delay,3
0.0,614.1,0.0,normal_delay,3
66.0,2241.44,0.029445356556499394,normal_delay,3
25.0,1985.8,0.012589384630879243,normal_delay,3
0.0,971.96,0.0,normal_delay,3
0.0,614.1,0.0,normal_delay,3
50.0,3380.6,0.014790273915872922,normal_delay,3
48.0,1518.24,0.03161555485298767,normal_delay,3
29.0,2453.44,0.011820138254858484,normal_delay,3
12.0,2175.6,0.005515719801434087,normal_delay,3
0.0,2562.53,0.0,normal_delay,3
102.0,3298.57,0.030922490655041424,normal_delay,3
10.0,1497.6,0.006677350427350428,normal_delay,3
167.0,4843.93,0.03447613817705871,normal_delay,3
2.0,3401.24,0.0005880208394585505,normal_delay,3
68.0,2151.6,0.031604387432608294,normal_delay,3
0.0,614.1,0.0,normal_delay,3
146.0,3063.44,0.047658841041443606,normal_delay,3
30.0,1428.24,0.02100487313056629,normal_delay,3
0.0,1386.96,0.0,normal_delay,3
3.0,816.8,0.003672869735553379,normal_delay,3
40.0,1017.17,0.03932479329905522,normal_delay,3
8.0,996.53,0.00802785666261929,normal_delay,3
0.0,878.36,0.0,normal_delay,3
0.0,247.93,0.0,normal_delay,3
58.0,1815.17,0.03195293002859236,normal_delay,3
32.0,1017.17,0.03145983463924418,normal_delay,3
22.0,614.1,0.03582478423709493,normal_delay,3
0.0,614.1,0.0,normal_delay,3
27.0,2558.6,0.010552645978269366,normal_delay,3
48.0,1582.36,0.030334437169797016,normal_delay,3
0.0,1362.96,0.0,normal_delay,3
0.0,589.53,0.0,normal_delay,3
0.0,614.1,0.0,normal_delay,3
0.0,247.93,0.0,normal_delay,3
18.0,1518.24,0.011855833069870376,normal_delay,3
19.0,614.1,0.03093958638658199,normal_delay,3
10.0,614.1,0.016283992835043153,normal_delay,3
6.0,614.1,0.009770395701025891,normal_delay,3
29.0,272.5,0.10642201834862386,normal_delay,3
20.0,2562.53,0.0078047866756681865,normal_delay,3
84.0,1838.13,0.04569861761681709,normal_delay,3
25.0,1518.24,0.016466434819264412,normal_delay,3
24.0,1017.17,0.023594875979433133,normal_delay,3
0.0,796.16,0.0,normal_delay,3
8.0,614.1,0.013027194268034522,normal_delay,3
0.0,614.1,0.0,normal_delay,3
17.0,272.5,0.062385321100917435,normal_delay,3
27.0,1404.24,0.019227482481627072,normal_delay,3
19.0,1017.17,0.01867927681705123,normal_delay,3
15.0,614.1,0.024425989252564728,normal_delay,3
0.0,1011.96,0.0,normal_delay,3
2.0,272.5,0.007339449541284404,normal_delay,3
64.0,3904.8,0.016390083999180495,normal_delay,3
24.0,1428.24,0.016803898504453033,normal_delay,3
6.0,614.1,0.009770395701025891,normal_delay,3
0.0,614.1,0.0,normal_delay,3
0.0,614.1,0.0,normal_delay,3
0.0,614.1,0.0,normal_delay,3
28.0,1013.24,0.0276341241956496,normal_delay,3
44.0,614.1,0.07164956847418986,normal_delay,3
22.0,614.1,0.03582478423709493,normal_delay,3
0.0,589.53,0.0,normal_delay,3
123.0,2994.24,0.041078871433151656,normal_delay,3
21.0,1854.6,0.01132319637657716,normal_delay,3
14.0,610.17,0.02294442532409001,normal_delay,3
9.0,614.1,0.014655593551538837,normal_delay,3
0.0,272.5,0.0,normal_delay,3
76.0,4629.44,0.016416672426902607,normal_delay,3
16.0,1407.6,0.011366865586814436,normal_delay,3
0.0,1032.6,0.0,normal_delay,3
27.0,614.1,0.04396678065461651,normal_delay,3
9.0,610.17,0.014749987708343577,normal_delay,3
0.0,589.53,0.0,normal_delay,3
0.0,589.53,0.0,normal_delay,3
51.0,1013.24,0.05033358335636177,normal_delay,3
0.0,614.1,0.0,normal_delay,3
0.0,992.6,0.0,normal_delay,3
6.0,610.17,0.009833325138895718,normal_delay,3
136.0,2643.24,0.05145200587158185,normal_delay,3
54.0,1811.24,0.02981382919988516,normal_delay,3
8.0,614.1,0.013027194268034522,normal_delay,3
0.0,614.1,0.0,normal_delay,3
0.0,614.1,0.0,normal_delay,3
0.0,247.93,0.0,normal_delay,3
40.0,820.73,0.04873709989887052,normal_delay,3
13.0,614.1,0.0211691906855561,normal_delay,3
2.0,820.73,0.002436854994943526,normal_delay,3
0.0,614.1,0.0,normal_delay,3
184.0,4864.57,0.03782451480809198,normal_delay,3
49.0,614.1,0.07979156489171145,normal_delay,3
0.0,992.6,0.0,normal_delay,3
0.0,614.1,0.0,normal_delay,3
25.0,1582.36,0.015799186025935944,normal_delay,3
0.0,1386.96,0.0,normal_delay,3
37.0,882.44,0.041929196319296494,normal_delay,3
21.0,614.1,0.03419638495359062,normal_delay,3
13.0,614.1,0.0211691906855561,normal_delay,3
0.0,614.1,0.0,normal_delay,3
0.0,589.53,0.0,normal_delay,3
86.0,2196.24,0.03915783338797217,normal_delay,3
13.0,820.73,0.015839557467132916,normal_delay,3
12.0,614.1,0.019540791402051783,normal_delay,3
0.0,614.1,0.0,normal_delay,3
0.0,614.1,0.0,normal_delay,3
0.0,1790.6,0.0,normal_delay,3
33.0,614.1,0.0537371763556424,normal_delay,3
10.0,614.1,0.016283992835043153,normal_delay,3
0.0,610.17,0.0,normal_delay,3
0.0,614.1,0.0,normal_delay,3
63.0,1704.44,0.03696228673347258,normal_delay,3
20.0,1524.73,0.013117076465997258,normal_delay,3
17.0,1032.6,0.016463296533023437,normal_delay,3
0.0,614.1,0.0,normal_delay,3
0.0,614.1,0.0,normal_delay,3
0.0,1029.96,0.0,normal_delay,3
0.0,589.53,0.0,normal_delay,3
0.0,614.1,0.0,normal_delay,3
12.0,882.44,0.013598658265717782,normal_delay,3
0.0,614.1,0.0,normal_delay,3
35.0,614.1,0.056993974922651035,normal_delay,3
0.0,796.16,0.0,normal_delay,3
0.0,589.53,0.0,normal_delay,3
0.0,614.1,0.0,normal_delay,3
31.0,996.53,0.031107944567649745,normal_delay,3
35.0,614.1,0.056993974922651035,normal_delay,3
0.0,247.93,0.0,normal_delay,3
0.0,614.1,0.0,normal_delay,3
0.0,589.53,0.0,normal_delay,3
0.0,614.1,0.0,normal_delay,3
70.0,2025.64,0.03455697952252128,normal_delay,3
60.0,2537.96,0.023641034531671105,normal_delay,3
0.0,1011.96,0.0,normal_delay,3
25.0,614.1,0.04070998208760788,normal_delay,3
0.0,614.1,0.0,normal_delay,3
0.0,614.1,0.0,normal_delay,3
12.0,1404.24,0.008545547769612033,normal_delay,3
25.0,1017.17,0.024577995811909514,normal_delay,3
0.0,589.53,0.0,normal_delay,3
4.0,614.1,0.006513597134017261,normal_delay,3
0.0,614.1,0.0,normal_delay,3
24.0,996.53,0.024083569987857868,normal_delay,3
37.0,899.0,0.041156840934371525,normal_delay,3
13.0,614.1,0.0211691906855561,normal_delay,3
6.0,614.1,0.009770395701025891,normal_delay,3
12.0,614.1,0.019540791402051783,normal_delay,3
0.0,614.1,0.0,normal_delay,3
21.0,996.53,0.021073123739375633,normal_delay,3
38.0,614.1,0.06187917277316398,normal_delay,3
3.0,996.53,0.0030104462484822334,normal_delay,3
25.0,614.1,0.04070998208760788,normal_delay,3
0.0,1011.96,0.0,normal_delay,3
0.0,589.53,0.0,normal_delay,3
43.0,2005.0,0.02144638403990025,normal_delay,3
18.0,1733.96,0.010380862303628688,normal_delay,3
38.0,614.1,0.06187917277316398,normal_delay,3
33.0,443.3,0.07444168734491315,normal_delay,3
0.0,614.1,0.0,normal_delay,3
0.0,614.1,0.0,normal_delay,3
31.0,1017.17,0.030476714806767797,normal_delay,3
0.0,1332.96,0.0,normal_delay,3
44.0,443.3,0.09925558312655086,normal_delay,3
0.0,899.0,0.0,normal_delay,3
15.0,614.1,0.024425989252564728,normal_delay,3
10.0,614.1,0.016283992835043153,normal_delay,3
9.0,614.1,0.014655593551538837,normal_delay,3
0.0,614.1,0.0,normal_delay,3
24.0,2175.6,0.011031439602868174,normal_delay,3
53.0,2175.6,0.02436109578966722,normal_delay,3
31.0,610.17,0.05080551321762788,normal_delay,3
0.0,1017.17,0.0,normal_delay,3
0.0,614.1,0.0,normal_delay,3
9.0,3384.53,0.002659157992394808,normal_delay,3
32.0,1289.6,0.02481389578163772,normal_delay,3
26.0,610.17,0.042611075601881446,normal_delay,3
8.0,1032.6,0.007747433662599264,normal_delay,3
3.0,614.1,0.004885197850512946,normal_delay,3
0.0,610.17,0.0,normal_delay,3
20.0,1663.16,0.012025301233795907,normal_delay,3
0.0,614.1,0.0,normal_delay,3
50.0,837.44,0.05970576996560947,normal_delay,3
0.0,589.53,0.0,normal_delay,3
22.0,1289.6,0.017059553349875932,normal_delay,3
0.0,1268.96,0.0,normal_delay,3
49.0,841.37,0.058238349358783886,normal_delay,3
22.0,841.37,0.02614783032435195,normal_delay,3
9.0,614.1,0.014655593551538837,normal_delay,3
0.0,614.1,0.0,normal_delay,3
0.0,1011.96,0.0,normal_delay,3
34.0,2175.6,0.015627872770729915,normal_delay,3
59.0,1516.8,0.03889767932489452,normal_delay,3
0.0,1332.96,0.0,normal_delay,3
0.0,443.3,0.0,normal_delay,3
50.0,1310.24,0.03816094761265112,normal_delay,3
51.0,2175.6,0.02344180915609487,normal_delay,3
30.0,1794.53,0.016717469198063002,normal_delay,3
0.0,1362.96,0.0,normal_delay,3
33.0,1516.8,0.021756329113924052,normal_delay,3
25.0,610.17,0.04097218807873216,normal_delay,3
0.0,614.1,0.0,normal_delay,3
157.0,1545.37,0.10159379307220925,normal_delay,3
71.0,1310.24,0.054188545609964583,normal_delay,3
0.0,614.1,0.0,normal_delay,3
123.0,3044.24,0.04040417312695451,normal_delay,3
32.0,1541.44,0.02075980900975711,normal_delay,3
15.0,1476.96,0.010155996100097497,normal_delay,3
0.0,1362.96,0.0,normal_delay,3
0.0,589.53,0.0,normal_delay,3
48.0,1428.24,0.033607797008906065,normal_delay,3
31.0,1407.6,0.02202330207445297,normal_delay,3
41.0,1053.24,0.038927499905054876,normal_delay,3
50.0,3087.6,0.016193807488016583,normal_delay,3
39.0,1428.24,0.02730633506973618,normal_delay,3
4.0,861.8,0.004641448131817127,normal_delay,3
0.0,816.8,0.0,normal_delay,3
4.0,610.17,0.0065555500925971455,normal_delay,3
0.0,610.17,0.0,normal_delay,3
36.0,3087.6,0.011659541391371939,normal_delay,3
16.0,841.37,0.019016603872255962,normal_delay,3
0.0,247.93,0.0,normal_delay,3
84.0,1520.8,0.055234087322461864,normal_delay,3
36.0,2154.96,0.01670564650851988,normal_delay,3
37.0,1520.8,0.02432930036822725,normal_delay,3
74.0,2172.24,0.03406621736088094,normal_delay,3
0.0,1310.24,0.0,normal_delay,3
0.0,610.17,0.0,normal_delay,3
22.0,272.5,0.08073394495412844,normal_delay,3
139.0,2476.57,0.05612601299377768,normal_delay,3
28.0,900.44,0.03109590866687397,normal_delay,3
0.0,610.17,0.0,normal_delay,3
0.0,610.17,0.0,normal_delay,3
1.0,272.5,0.003669724770642202,normal_delay,3
46.0,2130.96,0.0215865149979352,normal_delay,3
24.0,1790.6,0.01340332849324249,normal_delay,3
11.0,1790.6,0.006143192226069474,normal_delay,3
10.0,268.57,0.03723424060766281,normal_delay,3
19.0,2220.8,0.008555475504322766,normal_delay,3
29.0,1407.6,0.020602443876101165,normal_delay,3
35.0,1545.37,0.022648297818645375,normal_delay,3
29.0,1407.6,0.020602443876101165,normal_delay,3
10.0,614.1,0.016283992835043153,normal_delay,3
0.0,610.17,0.0,normal_delay,3
0.0,268.57,0.0,normal_delay,3
0.0,2558.6,0.0,normal_delay,3
33.0,614.1,0.0537371763556424,normal_delay,3
109.0,2359.44,0.04619740277353948,normal_delay,3
64.0,1518.24,0.042154073137316894,normal_delay,3
26.0,614.1,0.0423383813711122,normal_delay,3
0.0,614.1,0.0,normal_delay,3
57.0,1875.24,0.030396109298009854,normal_delay,3
0.0,1289.6,0.0,normal_delay,3
0.0,1032.6,0.0,normal_delay,3
36.0,614.1,0.05862237420615535,normal_delay,3
6.0,614.1,0.009770395701025891,normal_delay,3
31.0,614.1,0.05048037778863377,normal_delay,3
22.0,614.1,0.03582478423709493,normal_delay,3
7.0,614.1,0.011398794984530206,normal_delay,3
0.0,614.1,0.0,normal_delay,3
0.0,614.1,0.0,normal_delay,3
20.0,820.73,0.02436854994943526,normal_delay,3
15.0,614.1,0.024425989252564728,normal_delay,3
16.0,2583.17,0.006193940003948637,normal_delay,3
11.0,1383.6,0.007950274645851402,normal_delay,3
34.0,614.1,0.055365575639146715,normal_delay,3
20.0,614.1,0.03256798567008631,normal_delay,3
13.0,614.1,0.0211691906855561,normal_delay,3
0.0,272.5,0.0,normal_delay,3
67.0,1875.24,0.03572876005204667,normal_delay,3
9.0,1383.6,0.006504770164787511,normal_delay,3
4.0,1407.6,0.002841716396703609,normal_delay,3
26.0,614.1,0.0423383813711122,normal_delay,3
6.0,614.1,0.009770395701025891,normal_delay,3
0.0,614.1,0.0,normal_delay,3
1.0,1407.6,0.0007104290991759022,normal_delay,3
2.0,614.1,0.0032567985670086306,normal_delay,3
25.0,614.1,0.04070998208760788,normal_delay,3
0.0,820.73,0.0,normal_delay,3
0.0,614.1,0.0,normal_delay,3
9.0,996.53,0.0090313387454467,normal_delay,3
41.0,614.1,0.06676437062367692,normal_delay,3
0.0,614.1,0.0,normal_delay,3
35.0,614.1,0.056993974922651035,normal_delay,3
33.0,614.1,0.0537371763556424,normal_delay,3
64.0,1704.44,0.03754898969749595,normal_delay,3
17.0,1428.24,0.011902761440654231,normal_delay,3
0.0,614.1,0.0,normal_delay,3
47.0,614.1,0.07653476632470281,normal_delay,3
27.0,614.1,0.04396678065461651,normal_delay,3
14.0,614.1,0.022797589969060412,normal_delay,3
15.0,614.1,0.024425989252564728,normal_delay,3
14.0,614.1,0.022797589969060412,normal_delay,3
0.0,614.1,0.0,normal_delay,3
0.0,614.1,0.0,normal_delay,3
0.0,589.53,0.0,normal_delay,3
0.0,614.1,0.0,normal_delay,3
18.0,1017.17,0.01769615698457485,normal_delay,3
10.0,614.1,0.016283992835043153,normal_delay,3
0.0,614.1,0.0,normal_delay,3
40.0,614.1,0.06513597134017261,normal_delay,3
0.0,614.1,0.0,normal_delay,3
0.0,614.1,0.0,normal_delay,3
132.0,3831.53,0.03445098955247643,normal_delay,3
99.0,2175.6,0.04550468836183122,normal_delay,3
31.0,614.1,0.05048037778863377,normal_delay,3
21.0,614.1,0.03419638495359062,normal_delay,3
0.0,268.57,0.0,normal_delay,3
57.0,1790.6,0.03183290517145091,normal_delay,3
0.0,1362.96,0.0,normal_delay,3
0.0,1332.96,0.0,normal_delay,3
36.0,614.1,0.05862237420615535,normal_delay,3
24.0,614.1,0.039081582804103565,normal_delay,3
86.0,2175.6,0.03952932524361096,normal_delay,3
0.0,1386.96,0.0,normal_delay,3
42.0,614.1,0.06839276990718124,normal_delay,3
21.0,614.1,0.03419638495359062,normal_delay,3
15.0,614.1,0.024425989252564728,normal_delay,3
0.0,610.17,0.0,normal_delay,3
0.0,614.1,0.0,normal_delay,3
0.0,1582.36,0.0,normal_delay,3
34.0,614.1,0.055365575639146715,normal_delay,3
37.0,614.1,0.06025077348965966,normal_delay,3
38.0,2601.96,0.014604375163338406,normal_delay,3
0.0,614.1,0.0,normal_delay,3
0.0,614.1,0.0,normal_delay,3
65.0,2175.6,0.029876815591101308,normal_delay,3
12.0,614.1,0.019540791402051783,normal_delay,3
0.0,614.1,0.0,normal_delay,3
0.0,614.1,0.0,normal_delay,3
43.0,1815.17,0.02368924122809434,normal_delay,3
20.0,996.53,0.02006964165654822,normal_delay,3
0.0,996.53,0.0,normal_delay,3
2.0,614.1,0.0032567985670086306,normal_delay,3
146.0,2029.57,0.07193642002985855,normal_delay,3
0.0,614.1,0.0,normal_delay,3
35.0,820.73,0.0426449624115117,normal_delay,3
32.0,820.73,0.038989679919096416,normal_delay,3
0.0,614.1,0.0,normal_delay,3
36.0,1790.6,0.020104992739863735,normal_delay,3
59.0,1524.73,0.03869537557469191,normal_delay,3
17.0,1524.73,0.011149514996097669,normal_delay,3
0.0,589.53,0.0,normal_delay,3
0.0,614.1,0.0,normal_delay,3
54.0,2025.64,0.026658241345944984,normal_delay,3
2.0,1383.6,0.0014455044810638914,normal_delay,3
0.0,614.1,0.0,normal_delay,3
0.0,247.93,0.0,normal_delay,3
0.0,247.93,0.0,normal_delay,3
0.0,1383.6,0.0,normal_delay,3
43.0,443.3,0.09699977441912926,normal_delay,3
0.0,820.73,0.0,normal_delay,3
0.0,614.1,0.0,normal_delay,3
57.0,2175.6,0.026199669056811915,normal_delay,3
52.0,2196.24,0.02367682949040178,normal_delay,3
25.0,841.37,0.029713443550399943,normal_delay,3
25.0,443.3,0.05639521768554027,normal_delay,3
0.0,614.1,0.0,normal_delay,3
0.0,614.1,0.0,normal_delay,3
0.0,614.1,0.0,normal_delay,3
0.0,589.53,0.0,normal_delay,3
0.0,1353.6,0.0,normal_delay,3
0.0,589.53,0.0,normal_delay,3
0.0,1353.6,0.0,normal_delay,3
0.0,1332.96,0.0,normal_delay,3
16.0,841.37,0.019016603872255962,normal_delay,3
0.0,614.1,0.0,normal_delay,3
0.0,614.1,0.0,normal_delay,3
0.0,610.17,0.0,normal_delay,3
0.0,614.1,0.0,normal_delay,3
0.0,614.1,0.0,normal_delay,3
0.0,614.1,0.0,normal_delay,3
0.0,614.1,0.0,normal_delay,3
0.0,992.6,0.0,normal_delay,3
42.0,443.3,0.09474396571170765,normal_delay,3
21.0,443.3,0.047371982855853825,normal_delay,3
0.0,589.53,0.0,normal_delay,3
0.0,589.53,0.0,normal_delay,3
32.0,614.1,0.05210877707213809,normal_delay,3
12.0,2562.53,0.004682872005400912,normal_delay,3
42.0,614.1,0.06839276990718124,normal_delay,3
0.0,837.44,0.0,normal_delay,3
10.0,614.1,0.016283992835043153,normal_delay,3
66.0,1017.17,0.06488590894344112,normal_delay,3
22.0,816.8,0.02693437806072478,normal_delay,3
36.0,614.1,0.05862237420615535,normal_delay,3
22.0,614.1,0.03582478423709493,normal_delay,3
47.0,2973.6,0.015805757331181062,normal_delay,3
23.0,614.1,0.03745318352059925,normal_delay,3
0.0,589.53,0.0,normal_delay,3
126.0,3852.17,0.03270883683741891,normal_delay,3
43.0,1794.53,0.023961705850556972,normal_delay,3
25.0,614.1,0.04070998208760788,normal_delay,3
17.0,614.1,0.027682787819573357,normal_delay,3
0.0,614.1,0.0,normal_delay,3
55.0,2200.16,0.024998181950403608,normal_delay,3
0.0,1268.96,0.0,normal_delay,3
12.0,614.1,0.019540791402051783,normal_delay,3
0.0,614.1,0.0,normal_delay,3
2.0,996.53,0.0020069641656548223,normal_delay,3
15.0,614.1,0.024425989252564728,normal_delay,3
7.0,614.1,0.011398794984530206,normal_delay,3
0.0,1794.53,0.0,normal_delay,3
1.0,614.1,0.0016283992835043153,normal_delay,3
75.0,2201.6,0.03406613372093023,normal_delay,3
0.0,1476.96,0.0,normal_delay,3
38.0,614.1,0.06187917277316398,normal_delay,3
33.0,2154.96,0.015313509299476556,normal_delay,3
14.0,2298.96,0.006089710129797822,normal_delay,3
27.0,610.17,0.04424996312503073,normal_delay,3
10.0,2562.53,0.0039023933378340933,normal_delay,3
0.0,816.8,0.0,normal_delay,3
28.0,2175.6,0.012870012870012871,normal_delay,3
2.0,1032.6,0.001936858415649816,normal_delay,3
61.0,2359.44,0.025853592377852373,normal_delay,3
25.0,610.17,0.04097218807873216,normal_delay,3
27.0,272.5,0.09908256880733946,normal_delay,3
0.0,589.53,0.0,normal_delay,3
8.0,272.5,0.029357798165137616,normal_delay,3
31.0,1794.53,0.01727471817133177,normal_delay,3
18.0,1374.24,0.01309814879497031,normal_delay,3
35.0,1013.24,0.034542655244562,normal_delay,3
14.0,272.5,0.05137614678899083,normal_delay,3
44.0,2359.44,0.018648492862713185,normal_delay,3
0.0,1374.24,0.0,normal_delay,3
28.0,610.17,0.04588885064818002,normal_delay,3
93.0,3108.24,0.029920469461817624,normal_delay,3
78.0,2558.6,0.03048542171500039,normal_delay,3
14.0,610.17,0.02294442532409001,normal_delay,3
12.0,610.17,0.019666650277791436,normal_delay,3
0.0,272.5,0.0,normal_delay,3
0.0,614.1,0.0,normal_delay,3
3.0,272.5,0.011009174311926606,normal_delay,3
37.0,3380.6,0.010944802697745962,normal_delay,3
9.0,1407.6,0.006393861892583121,normal_delay,3
0.0,614.1,0.0,normal_delay,3
26.0,820.73,0.03167911493426583,normal_delay,3
2.0,610.17,0.0032777750462985727,normal_delay,3
0.0,614.1,0.0,normal_delay,3
2.0,610.17,0.0032777750462985727,normal_delay,3
0.0,247.93,0.0,normal_delay,3
76.0,2562.53,0.029658189367539108,normal_delay,3
0.0,2151.6,0.0,normal_delay,3
0.0,610.17,0.0,normal_delay,3
75.0,1428.24,0.052512182826415725,normal_delay,3
180.0,3294.64,0.05463419372071,normal_delay,3
52.0,3405.17,0.015270896900888942,normal_delay,3
45.0,2476.57,0.018170291976402846,normal_delay,3
53.0,1545.37,0.034295993839662996,normal_delay,3
73.0,841.37,0.08676325516716783,normal_delay,3
0.0,861.8,0.0,normal_delay,3
47.0,2476.57,0.018977860508687418,normal_delay,3
39.0,1310.24,0.02976553913786787,normal_delay,3
0.0,1032.6,0.0,normal_delay,3
21.0,614.1,0.03419638495359062,normal_delay,3
0.0,820.73,0.0,normal_delay,3
0.0,614.1,0.0,normal_delay,3
60.0,2583.17,0.023227275014807387,normal_delay,3
6.0,1407.6,0.004262574595055414,normal_delay,3
0.0,1386.96,0.0,normal_delay,3
29.0,614.1,0.047223579221625143,normal_delay,3
3.0,820.73,0.003655282492415289,normal_delay,3
77.0,1545.37,0.049826255201019826,normal_delay,3
39.0,614.1,0.0635075720566683,normal_delay,3
5.0,1053.24,0.004747256085982302,normal_delay,3
13.0,614.1,0.0211691906855561,normal_delay,3
41.0,996.53,0.041142765395923854,normal_delay,3
0.0,1032.6,0.0,normal_delay,3
29.0,1289.6,0.02248759305210918,normal_delay,3
36.0,1582.36,0.02275082787734776,normal_delay,3
11.0,614.1,0.017912392118547466,normal_delay,3
37.0,841.37,0.04397589645459191,normal_delay,3
0.0,1332.96,0.0,normal_delay,3
0.0,589.53,0.0,normal_delay,3
31.0,1500.16,0.020664462457337884,normal_delay,3
0.0,1353.6,0.0,normal_delay,3
16.0,841.37,0.019016603872255962,normal_delay,3
107.0,3681.37,0.02906526646330035,normal_delay,3
49.0,1582.36,0.030966404610834452,normal_delay,3
15.0,1794.53,0.008358734599031501,normal_delay,3
0.0,589.53,0.0,normal_delay,3
0.0,589.53,0.0,normal_delay,3
11.0,841.37,0.013073915162175974,normal_delay,3
0.0,589.53,0.0,normal_delay,3
21.0,610.17,0.034416637986135014,normal_delay,3
0.0,614.1,0.0,normal_delay,3
148.0,5231.73,0.028288921637775653,normal_delay,3
32.0,614.1,0.05210877707213809,normal_delay,3
16.0,614.1,0.026054388536069045,normal_delay,3
0.0,614.1,0.0,normal_delay,3
0.0,1310.24,0.0,normal_delay,3
35.0,614.1,0.056993974922651035,normal_delay,3
5.0,614.1,0.008141996417521577,normal_delay,3
0.0,614.1,0.0,normal_delay,3
30.0,614.1,0.048851978505129456,normal_delay,3
26.0,614.1,0.0423383813711122,normal_delay,3
0.0,247.93,0.0,normal_delay,3
95.0,2579.24,0.036832555326375215,normal_delay,3
15.0,1383.6,0.010841283607979186,normal_delay,3
42.0,1013.24,0.0414511862934744,normal_delay,3
12.0,614.1,0.019540791402051783,normal_delay,3
0.0,614.1,0.0,normal_delay,3
0.0,614.1,0.0,normal_delay,3
34.0,614.1,0.055365575639146715,normal_delay,3
0.0,1069.8,0.0,normal_delay,3
20.0,614.1,0.03256798567008631,normal_delay,3
0.0,971.96,0.0,normal_delay,3
0.0,614.1,0.0,normal_delay,3
0.0,589.53,0.0,normal_delay,3
42.0,1017.17,0.04129103296400798,normal_delay,3
41.0,1017.17,0.040307913131531606,normal_delay,3
0.0,1268.96,0.0,normal_delay,3
39.0,614.1,0.0635075720566683,normal_delay,3
35.0,614.1,0.056993974922651035,normal_delay,3
10.0,820.73,0.01218427497471763,normal_delay,3
10.0,614.1,0.016283992835043153,normal_delay,3
0.0,614.1,0.0,normal_delay,3
106.0,5252.37,0.02018136574536828,normal_delay,3
8.0,614.1,0.013027194268034522,normal_delay,3
3.0,614.1,0.004885197850512946,normal_delay,3
51.0,2973.6,0.017150928167877322,normal_delay,3
9.0,1017.17,0.008848078492287425,normal_delay,3
27.0,614.1,0.04396678065461651,normal_delay,3
27.0,443.3,0.060906835100383486,normal_delay,3
16.0,614.1,0.026054388536069045,normal_delay,3
8.0,614.1,0.013027194268034522,normal_delay,3
0.0,614.1,0.0,normal_delay,3
0.0,589.53,0.0,normal_delay,3
0.0,614.1,0.0,normal_delay,3
78.0,3279.37,0.023785056276053023,normal_delay,3
30.0,1524.73,0.019675614698995886,normal_delay,3
37.0,614.1,0.06025077348965966,normal_delay,3
31.0,614.1,0.05048037778863377,normal_delay,3
35.0,614.1,0.056993974922651035,normal_delay,3
40.0,443.3,0.09023234829686443,normal_delay,3
26.0,614.1,0.0423383813711122,normal_delay,3
18.0,614.1,0.029311187103077674,normal_delay,3
0.0,614.1,0.0,normal_delay,3
0.0,614.1,0.0,normal_delay,3
18.0,614.1,0.029311187103077674,normal_delay,3
0.0,589.53,0.0,normal_delay,3
0.0,589.53,0.0,normal_delay,3
12.0,1017.17,0.011797437989716567,normal_delay,3
2.0,2151.6,0.0009295408068414204,normal_delay,3
33.0,996.53,0.03311490873330457,normal_delay,3
20.0,614.1,0.03256798567008631,normal_delay,3
15.0,614.1,0.024425989252564728,normal_delay,3
0.0,614.1,0.0,normal_delay,3
0.0,614.1,0.0,normal_delay,3
0.0,614.1,0.0,normal_delay,3
0.0,614.1,0.0,normal_delay,3
4.0,614.1,0.006513597134017261,normal_delay,3
14.0,268.57,0.05212793685072793,normal_delay,3
17.0,614.1,0.027682787819573357,normal_delay,3
9.0,614.1,0.014655593551538837,normal_delay,3
76.0,2622.6,0.028978875924654923,normal_delay,3
0.0,614.1,0.0,normal_delay,3
4.0,614.1,0.006513597134017261,normal_delay,3
0.0,589.53,0.0,normal_delay,3
29.0,837.44,0.0346293465800535,normal_delay,3
0.0,614.1,0.0,normal_delay,3
6.0,1520.8,0.003945291951604419,normal_delay,3
0.0,614.1,0.0,normal_delay,3
0.0,589.53,0.0,normal_delay,3
0.0,247.93,0.0,normal_delay,3
1.0,1017.17,0.0009831198324763805,normal_delay,3
0.0,614.1,0.0,normal_delay,3
7.0,1790.6,0.003909304143862393,normal_delay,3
5.0,816.8,0.006121449559255632,normal_delay,3
0.0,614.1,0.0,normal_delay,3
41.0,443.3,0.09248815700428603,normal_delay,3
74.0,2952.96,0.025059601213697442,normal_delay,3
0.0,614.1,0.0,normal_delay,3
95.0,1815.17,0.05233669573648749,normal_delay,3
63.0,1815.17,0.034707492962091704,normal_delay,3
70.0,1815.17,0.03856388106899078,normal_delay,3
25.0,2154.96,0.01160114340869436,normal_delay,3
34.0,1476.96,0.02302025782688766,normal_delay,3
0.0,614.1,0.0,normal_delay,3
0.0,589.53,0.0,normal_delay,3
0.0,614.1,0.0,normal_delay,3
47.0,1496.16,0.03141375253983531,normal_delay,3
35.0,610.17,0.05736106331022502,normal_delay,3
0.0,614.1,0.0,normal_delay,3
57.0,2200.16,0.025907206748600104,normal_delay,3
0.0,1383.6,0.0,normal_delay,3
16.0,1013.24,0.01579092811179977,normal_delay,3
0.0,610.17,0.0,normal_delay,3
29.0,1794.53,0.016160220224794235,normal_delay,3
19.0,1811.24,0.01049005101477441,normal_delay,3
0.0,992.6,0.0,normal_delay,3
0.0,614.1,0.0,normal_delay,3
39.0,1013.24,0.038490387272511944,normal_delay,3
18.0,2154.96,0.00835282325425994,normal_delay,3
0.0,1407.6,0.0,normal_delay,3
6.0,1404.24,0.004272773884806016,normal_delay,3
0.0,614.1,0.0,normal_delay,3
0.0,614.1,0.0,normal_delay,3
27.0,1032.6,0.026147588611272518,normal_delay,3
19.0,272.5,0.06972477064220184,normal_delay,3
0.0,589.53,0.0,normal_delay,3
56.0,3380.6,0.01656510678577767,normal_delay,3
13.0,272.5,0.047706422018348627,normal_delay,3
2.0,1790.6,0.0011169440411035408,normal_delay,3
64.0,614.1,0.10421755414427618,normal_delay,3
30.0,614.1,0.048851978505129456,normal_delay,3
0.0,614.1,0.0,normal_delay,3
39.0,614.1,0.0635075720566683,normal_delay,3
1.0,614.1,0.0016283992835043153,normal_delay,3
55.0,2200.16,0.024998181950403608,normal_delay,3
42.0,1524.73,0.027545860578594244,normal_delay,3
9.0,614.1,0.014655593551538837,normal_delay,3
0.0,247.93,0.0,normal_delay,3
193.0,3277.93,0.058878621569100016,normal_delay,3
14.0,899.0,0.01557285873192436,normal_delay,3
21.0,614.1,0.03419638495359062,normal_delay,3
12.0,614.1,0.019540791402051783,normal_delay,3
1.0,614.1,0.0016283992835043153,normal_delay,3
0.0,614.1,0.0,normal_delay,3
0.0,614.1,0.0,normal_delay,3
0.0,614.1,0.0,normal_delay,3
0.0,614.1,0.0,normal_delay,3
7.0,268.57,0.026063968425363966,normal_delay,3
16.0,614.1,0.026054388536069045,normal_delay,3
0.0,268.57,0.0,normal_delay,3
40.0,1854.6,0.02156799309824221,normal_delay,3
43.0,614.1,0.07002116919068556,normal_delay,3
0.0,247.93,0.0,normal_delay,3
171.0,3791.6,0.04509969406055491,normal_delay,3
1.0,614.1,0.0016283992835043153,normal_delay,3
0.0,614.1,0.0,normal_delay,3
95.0,1704.44,0.05573678158222055,normal_delay,3
37.0,1854.6,0.019950393615874043,normal_delay,3
21.0,1032.6,0.02033701336432307,normal_delay,3
41.0,614.1,0.06676437062367692,normal_delay,3
118.0,3277.93,0.035998328213232136,normal_delay,3
28.0,614.1,0.045595179938120824,normal_delay,3
11.0,1032.6,0.01065272128607399,normal_delay,3
12.0,996.53,0.012041784993928934,normal_delay,3
29.0,614.1,0.047223579221625143,normal_delay,3
12.0,614.1,0.019540791402051783,normal_delay,3
35.0,996.53,0.03512187289895939,normal_delay,3
0.0,614.1,0.0,normal_delay,3
24.0,1794.53,0.013373975358450403,normal_delay,3
0.0,861.8,0.0,normal_delay,3
8.0,614.1,0.013027194268034522,normal_delay,3
0.0,272.5,0.0,normal_delay,3
20.0,820.73,0.02436854994943526,normal_delay,3
20.0,614.1,0.03256798567008631,normal_delay,3
0.0,1362.96,0.0,normal_delay,3
31.0,614.1,0.05048037778863377,normal_delay,3
0.0,996.53,0.0,normal_delay,3
7.0,614.1,0.011398794984530206,normal_delay,3
0.0,614.1,0.0,normal_delay,3
52.0,1854.6,0.02803839102771487,normal_delay,3
41.0,2338.8,0.017530357448264065,normal_delay,3
0.0,1383.6,0.0,normal_delay,3
0.0,589.53,0.0,normal_delay,3
0.0,614.1,0.0,normal_delay,3
15.0,614.1,0.024425989252564728,normal_delay,3
0.0,614.1,0.0,normal_delay,3
94.0,2562.53,0.03668249737564048,normal_delay,3
35.0,1407.6,0.02486501847115658,normal_delay,3
22.0,1374.24,0.016008848527185936,normal_delay,3
10.0,820.73,0.01218427497471763,normal_delay,3
39.0,1428.24,0.02730633506973618,normal_delay,3
22.0,1310.24,0.01679081694956649,normal_delay,3
16.0,1794.53,0.008915983572300269,normal_delay,3
19.0,1374.24,0.013825823728024217,normal_delay,3
0.0,614.1,0.0,normal_delay,3
57.0,2583.17,0.02206591126406702,normal_delay,3
17.0,2175.6,0.007813936385364957,normal_delay,3
7.0,1374.24,0.005093724531377343,normal_delay,3
0.0,589.53,0.0,normal_delay,3
0.0,247.93,0.0,normal_delay,3
64.0,3380.6,0.01893155061231734,normal_delay,3
0.0,614.1,0.0,normal_delay,3
24.0,1794.53,0.013373975358450403,normal_delay,3
0.0,614.1,0.0,normal_delay,3
0.0,1332.96,0.0,normal_delay,3
89.0,2172.24,0.04097153169078924,normal_delay,3
30.0,1428.24,0.02100487313056629,normal_delay,3
6.0,610.17,0.009833325138895718,normal_delay,3
5.0,610.17,0.008194437615746432,normal_delay,3
15.0,610.17,0.024583312847239296,normal_delay,3
0.0,614.1,0.0,normal_delay,3
221.0,4843.93,0.04562411100077829,normal_delay,3
0.0,882.44,0.0,normal_delay,3
0.0,610.17,0.0,normal_delay,3
0.0,610.17,0.0,normal_delay,3
116.0,2973.6,0.03900995426419156,normal_delay,3
7.0,1407.6,0.004973003694231316,normal_delay,3
0.0,841.37,0.0,normal_delay,3
50.0,2172.24,0.02301771443302766,normal_delay,3
76.0,2952.96,0.025736887732986564,normal_delay,3
0.0,1289.6,0.0,normal_delay,3
35.0,820.73,0.0426449624115117,normal_delay,3
39.0,443.3,0.0879765395894428,normal_delay,3
23.0,443.3,0.05188360027069704,normal_delay,3
15.0,443.3,0.03383713061132416,normal_delay,3
14.0,1428.24,0.009802274127597602,normal_delay,3
0.0,1069.8,0.0,normal_delay,3
77.0,2201.6,0.03497456395348837,normal_delay,3
2.0,443.3,0.004511617414843221,normal_delay,3
50.0,1603.0,0.031191515907673113,normal_delay,3
19.0,1013.24,0.018751727132762228,normal_delay,3
13.0,1404.24,0.009257676750413035,normal_delay,3
0.0,1011.96,0.0,normal_delay,3
32.0,614.1,0.05210877707213809,normal_delay,3
67.0,3044.24,0.022008777231755712,normal_delay,3
52.0,2583.17,0.02013030501283307,normal_delay,3
14.0,841.37,0.016639528388223968,normal_delay,3
24.0,614.1,0.039081582804103565,normal_delay,3
4.0,614.1,0.006513597134017261,normal_delay,3
39.0,816.8,0.047747306562193934,normal_delay,3
19.0,614.1,0.03093958638658199,normal_delay,3
8.0,841.37,0.009508301936127981,normal_delay,3
0.0,443.3,0.0,normal_delay,3
0.0,247.93,0.0,normal_delay,3
35.0,614.1,0.056993974922651035,normal_delay,3
40.0,443.3,0.09023234829686443,normal_delay,3
0.0,820.73,0.0,normal_delay,3
100.0,3405.17,0.029367109424786427,normal_delay,3
27.0,610.17,0.04424996312503073,normal_delay,3
21.0,614.1,0.03419638495359062,normal_delay,3
15.0,614.1,0.024425989252564728,normal_delay,3
85.0,1854.6,0.045831985333764695,normal_delay,3
42.0,614.1,0.06839276990718124,normal_delay,3
25.0,614.1,0.04070998208760788,normal_delay,3
21.0,610.17,0.034416637986135014,normal_delay,3
3.0,614.1,0.004885197850512946,normal_delay,3
29.0,2201.6,0.013172238372093024,normal_delay,3
11.0,614.1,0.017912392118547466,normal_delay,3
45.0,614.1,0.07327796775769418,normal_delay,3
0.0,589.53,0.0,normal_delay,3
80.0,1520.8,0.052603892688058915,normal_delay,3
27.0,837.44,0.03224111578142912,normal_delay,3
17.0,614.1,0.027682787819573357,normal_delay,3
80.0,2994.24,0.026717965159773434,normal_delay,3
48.0,614.1,0.07816316560820713,normal_delay,3
21.0,614.1,0.03419638495359062,normal_delay,3
0.0,614.1,0.0,normal_delay,3
2.0,1383.6,0.0014455044810638914,normal_delay,3
2.0,1407.6,0.0014208581983518045,normal_delay,3
37.0,614.1,0.06025077348965966,normal_delay,3
0.0,614.1,0.0,normal_delay,3
134.0,2452.0,0.05464926590538336,normal_delay,3
70.0,3275.44,0.021371174559753802,normal_delay,3
49.0,614.1,0.07979156489171145,normal_delay,3
29.0,614.1,0.047223579221625143,normal_delay,3
11.0,614.1,0.017912392118547466,normal_delay,3
0.0,589.53,0.0,normal_delay,3
50.0,614.1,0.08141996417521576,normal_delay,3
14.0,610.17,0.02294442532409001,normal_delay,3
0.0,614.1,0.0,normal_delay,3
0.0,614.1,0.0,normal_delay,3
0.0,614.1,0.0,normal_delay,3
91.0,2298.96,0.03958311584368584,normal_delay,3
19.0,1854.6,0.01024479672166505,normal_delay,3
0.0,1383.6,0.0,normal_delay,3
0.0,614.1,0.0,normal_delay,3
0.0,589.53,0.0,normal_delay,3
97.0,3359.96,0.02886939130227741,normal_delay,3
14.0,614.1,0.022797589969060412,normal_delay,3
1.0,1497.6,0.0006677350427350427,normal_delay,3
13.0,1013.24,0.012830129090837314,normal_delay,3
0.0,610.17,0.0,normal_delay,3
0.0,610.17,0.0,normal_delay,3
82.0,2994.24,0.02738591428876777,normal_delay,3
0.0,614.1,0.0,normal_delay,3
40.0,614.1,0.06513597134017261,normal_delay,3
35.0,614.1,0.056993974922651035,normal_delay,3
24.0,614.1,0.039081582804103565,normal_delay,3
0.0,614.1,0.0,normal_delay,3
0.0,589.53,0.0,normal_delay,3
41.0,1353.6,0.030289598108747047,normal_delay,3
23.0,614.1,0.03745318352059925,normal_delay,3
16.0,614.1,0.026054388536069045,normal_delay,3
5.0,614.1,0.008141996417521577,normal_delay,3
0.0,589.53,0.0,normal_delay,3
0.0,610.17,0.0,normal_delay,3
0.0,614.1,0.0,normal_delay,3
0.0,247.93,0.0,normal_delay,3
37.0,1374.24,0.026923972522994527,normal_delay,3
25.0,614.1,0.04070998208760788,normal_delay,3
8.0,614.1,0.013027194268034522,normal_delay,3
4.0,614.1,0.006513597134017261,normal_delay,3
0.0,614.1,0.0,normal_delay,3
0.0,1011.96,0.0,normal_delay,3
1.0,614.1,0.0016283992835043153,normal_delay,3
0.0,614.1,0.0,normal_delay,3
11.0,1353.6,0.00812647754137116,normal_delay,3
0.0,1011.96,0.0,normal_delay,3
47.0,2154.96,0.0218101496083454,normal_delay,3
0.0,610.17,0.0,normal_delay,3
0.0,1383.6,0.0,normal_delay,3
23.0,272.5,0.08440366972477065,normal_delay,3
0.0,614.1,0.0,normal_delay,3
1.0,268.57,0.003723424060766281,normal_delay,3
22.0,2196.24,0.010017120169016137,normal_delay,3
29.0,1404.24,0.020651740443229077,normal_delay,3
31.0,1383.6,0.022405319456490318,normal_delay,3
36.0,272.5,0.13211009174311927,normal_delay,3
13.0,272.5,0.047706422018348627,normal_delay,3
0.0,2175.6,0.0,normal_delay,3
0.0,614.1,0.0,normal_delay,3
0.0,614.1,0.0,normal_delay,3
3.0,614.1,0.004885197850512946,normal_delay,3
25.0,614.1,0.04070998208760788,normal_delay,3
0.0,614.1,0.0,normal_delay,3
0.0,614.1,0.0,normal_delay,3
35.0,614.1,0.056993974922651035,normal_delay,3
32.0,614.1,0.05210877707213809,normal_delay,3
31.0,614.1,0.05048037778863377,normal_delay,3
2.0,614.1,0.0032567985670086306,normal_delay,3
0.0,614.1,0.0,normal_delay,3
20.0,1032.6,0.019368584156498163,normal_delay,3
30.0,820.73,0.03655282492415289,normal_delay,3
6.0,996.53,0.006020892496964467,normal_delay,3
11.0,614.1,0.017912392118547466,normal_delay,3
0.0,614.1,0.0,normal_delay,3
32.0,1500.16,0.021331058020477814,normal_delay,3
0.0,614.1,0.0,normal_delay,3
41.0,1790.6,0.022897352842622586,normal_delay,3
47.0,614.1,0.07653476632470281,normal_delay,3
0.0,614.1,0.0,normal_delay,3
139.0,4042.0,0.034388916378030675,normal_delay,3
63.0,3380.6,0.018635745133999883,normal_delay,3
41.0,820.73,0.04995552739634228,normal_delay,3
110.0,1704.44,0.06453732604257116,normal_delay,3
35.0,614.1,0.056993974922651035,normal_delay,3
60.0,3022.16,0.01985334992191016,normal_delay,3
30.0,820.73,0.03655282492415289,normal_delay,3
33.0,614.1,0.0537371763556424,normal_delay,3
22.0,610.17,0.0360555255092843,normal_delay,3
0.0,820.73,0.0,normal_delay,3
37.0,614.1,0.06025077348965966,normal_delay,3
11.0,614.1,0.017912392118547466,normal_delay,3
0.0,610.17,0.0,normal_delay,3
29.0,614.1,0.047223579221625143,normal_delay,3
0.0,614.1,0.0,normal_delay,3
31.0,1794.53,0.01727471817133177,normal_delay,3
3.0,882.44,0.0033996645664294456,normal_delay,3
0.0,820.73,0.0,normal_delay,3
36.0,614.1,0.05862237420615535,normal_delay,3
21.0,614.1,0.03419638495359062,normal_delay,3
21.0,614.1,0.03419638495359062,normal_delay,3
0.0,861.8,0.0,normal_delay,3
29.0,614.1,0.047223579221625143,normal_delay,3
107.0,2005.0,0.05336658354114713,normal_delay,3
25.0,1407.6,0.017760727479397557,normal_delay,3
16.0,1500.16,0.010665529010238907,normal_delay,3
5.0,996.53,0.005017410414137055,normal_delay,3
0.0,589.53,0.0,normal_delay,3
1.0,1353.6,0.0007387706855791963,normal_delay,3
0.0,1332.96,0.0,normal_delay,3
0.0,614.1,0.0,normal_delay,3
0.0,614.1,0.0,normal_delay,3
0.0,1069.8,0.0,normal_delay,3
0.0,589.53,0.0,normal_delay,3
29.0,1683.8,0.017222948093597815,normal_delay,3
0.0,1386.96,0.0,normal_delay,3
0.0,614.1,0.0,normal_delay,3
80.0,2436.73,0.03283088401259064,normal_delay,3
106.0,1545.37,0.06859198767932599,normal_delay,3
38.0,1794.53,0.021175460984213138,normal_delay,3
15.0,443.3,0.03383713061132416,normal_delay,3
142.0,3405.17,0.041701295383196724,normal_delay,3
32.0,2196.24,0.014570356609478018,normal_delay,3
0.0,614.1,0.0,normal_delay,3
0.0,614.1,0.0,normal_delay,3
174.0,3108.24,0.05598023318662652,normal_delay,3
41.0,1815.17,0.022587416054694602,normal_delay,3
0.0,841.16,0.0,normal_delay,3
154.0,4026.73,0.038244431585927045,normal_delay,3
59.0,1545.37,0.0381785591800022,normal_delay,3
0.0,614.1,0.0,normal_delay,3
142.0,1545.37,0.09188737972136124,normal_delay,3
54.0,2583.17,0.020904547513326648,normal_delay,3
0.0,614.1,0.0,normal_delay,3
177.0,3298.57,0.053659616136689535,normal_delay,3
149.0,2452.0,0.06076672104404568,normal_delay,3
0.0,899.0,0.0,normal_delay,3
70.0,1989.73,0.03518065265136476,normal_delay,3
0.0,614.1,0.0,normal_delay,3
0.0,247.93,0.0,normal_delay,3
98.0,3087.6,0.0317398626765125,normal_delay,3
0.0,1386.96,0.0,normal_delay,3
34.0,1289.6,0.026364764267990077,normal_delay,3
0.0,589.53,0.0,normal_delay,3
120.0,2340.24,0.05127679212388474,normal_delay,3
52.0,992.6,0.05238766874874068,normal_delay,3
10.0,837.44,0.011941153993121895,normal_delay,3
58.0,1017.17,0.05702095028363007,normal_delay,3
20.0,610.17,0.03277775046298573,normal_delay,3
30.0,1790.6,0.01675416061655311,normal_delay,3
34.0,1017.17,0.03342607430419694,normal_delay,3
0.0,820.73,0.0,normal_delay,3
0.0,443.3,0.0,normal_delay,3
18.0,1516.8,0.011867088607594937,normal_delay,3
22.0,610.17,0.0360555255092843,normal_delay,3
0.0,614.1,0.0,normal_delay,3
0.0,1386.96,0.0,normal_delay,3
18.0,610.17,0.029499975416687155,normal_delay,3
55.0,2558.6,0.021496130696474634,normal_delay,3
0.0,610.17,0.0,normal_delay,3
0.0,614.1,0.0,normal_delay,3
17.0,614.1,0.027682787819573357,normal_delay,3
48.0,2220.8,0.021613832853025934,normal_delay,3
0.0,971.96,0.0,normal_delay,3
30.0,614.1,0.048851978505129456,normal_delay,3
29.0,614.1,0.047223579221625143,normal_delay,3
0.0,796.16,0.0,normal_delay,3
0.0,816.8,0.0,normal_delay,3
10.0,614.1,0.016283992835043153,normal_delay,3
21.0,2579.24,0.008141933282672415,normal_delay,3
80.0,1754.6,0.04559443747862761,normal_delay,3
1.0,1289.6,0.0007754342431761787,normal_delay,3
32.0,614.1,0.05210877707213809,normal_delay,3
0.0,589.53,0.0,normal_delay,3
0.0,589.53,0.0,normal_delay,3
17.0,2562.53,0.006634068674317959,normal_delay,3
19.0,614.1,0.03093958638658199,normal_delay,3
0.0,816.8,0.0,normal_delay,3
4.0,614.1,0.006513597134017261,normal_delay,3
0.0,614.1,0.0,normal_delay,3
0.0,614.1,0.0,normal_delay,3
0.0,816.8,0.0,normal_delay,3
0.0,614.1,0.0,normal_delay,3
0.0,589.53,0.0,normal_delay,3
13.0,2622.6,0.004956912987112027,normal_delay,3
0.0,614.1,0.0,normal_delay,3
0.0,614.1,0.0,normal_delay,3
25.0,614.1,0.04070998208760788,normal_delay,3
0.0,614.1,0.0,normal_delay,3
49.0,614.1,0.07979156489171145,normal_delay,3
32.0,614.1,0.05210877707213809,normal_delay,3
23.0,614.1,0.03745318352059925,normal_delay,3
10.0,614.1,0.016283992835043153,normal_delay,3
1.0,589.53,0.0016962665173952131,normal_delay,3
0.0,614.1,0.0,normal_delay,3
28.0,614.1,0.045595179938120824,normal_delay,3
13.0,614.1,0.0211691906855561,normal_delay,3
7.0,614.1,0.011398794984530206,normal_delay,3
0.0,614.1,0.0,normal_delay,3
38.0,2601.96,0.014604375163338406,normal_delay,3
52.0,841.37,0.06180396258483188,normal_delay,3
11.0,1017.17,0.010814318157240186,normal_delay,3
40.0,614.1,0.06513597134017261,normal_delay,3
11.0,614.1,0.017912392118547466,normal_delay,3
97.0,1604.44,0.06045723118346588,normal_delay,3
32.0,1516.8,0.02109704641350211,normal_delay,3
36.0,1017.17,0.0353923139691497,normal_delay,3
50.0,614.1,0.08141996417521576,normal_delay,3
30.0,841.37,0.03565613226047993,normal_delay,3
0.0,1011.96,0.0,normal_delay,3
0.0,614.1,0.0,normal_delay,3
24.0,614.1,0.039081582804103565,normal_delay,3
0.0,614.1,0.0,normal_delay,3
5.0,268.57,0.018617120303831405,normal_delay,3
25.0,1516.8,0.016482067510548523,normal_delay,3
6.0,816.8,0.007345739471106758,normal_delay,3
9.0,614.1,0.014655593551538837,normal_delay,3
0.0,272.5,0.0,normal_delay,3
44.0,1310.24,0.03358163389913298,normal_delay,3
19.0,614.1,0.03093958638658199,normal_delay,3
42.0,272.5,0.15412844036697249,normal_delay,3
0.0,1833.96,0.0,normal_delay,3
13.0,1289.6,0.010080645161290324,normal_delay,3
0.0,1332.96,0.0,normal_delay,3
0.0,614.1,0.0,normal_delay,3
14.0,996.53,0.014048749159583755,normal_delay,3
6.0,614.1,0.009770395701025891,normal_delay,3
0.0,614.1,0.0,normal_delay,3
0.0,614.1,0.0,normal_delay,3
52.0,1815.17,0.028647454508393153,normal_delay,3
25.0,614.1,0.04070998208760788,normal_delay,3
20.0,841.37,0.023770754840319954,normal_delay,3
25.0,610.17,0.04097218807873216,normal_delay,3
0.0,614.1,0.0,normal_delay,3
0.0,614.1,0.0,normal_delay,3
19.0,610.17,0.03113886293983644,normal_delay,3
0.0,614.1,0.0,normal_delay,3
43.0,1310.24,0.03281841494687996,normal_delay,3
0.0,1332.96,0.0,normal_delay,3
0.0,1386.96,0.0,normal_delay,3
0.0,614.1,0.0,normal_delay,3
0.0,610.17,0.0,normal_delay,3
0.0,589.53,0.0,normal_delay,3
1.0,1383.6,0.0007227522405319457,normal_delay,3
30.0,882.44,0.03399664566429445,normal_delay,3
0.0,614.1,0.0,normal_delay,3
120.0,3384.53,0.03545543989859744,normal_delay,3
50.0,1704.44,0.029335148201168712,normal_delay,3
0.0,247.93,0.0,normal_delay,3
17.0,2196.24,0.0077405019487851974,normal_delay,3
4.0,1017.17,0.003932479329905522,normal_delay,3
56.0,3677.44,0.01522798468499826,normal_delay,3
16.0,1663.16,0.009620240987036725,normal_delay,3
0.0,1017.17,0.0,normal_delay,3
0.0,610.17,0.0,normal_delay,3
0.0,589.53,0.0,normal_delay,3
0.0,1289.6,0.0,normal_delay,3
0.0,1332.96,0.0,normal_delay,3
0.0,878.36,0.0,normal_delay,3
0.0,614.1,0.0,normal_delay,3
52.0,1790.6,0.02904054506869206,normal_delay,3
5.0,861.8,0.005801810164771409,normal_delay,3
0.0,820.73,0.0,normal_delay,3
0.0,272.5,0.0,normal_delay,3
40.0,820.73,0.04873709989887052,normal_delay,3
26.0,614.1,0.0423383813711122,normal_delay,3
0.0,2451.8,0.0,normal_delay,3
0.0,1362.96,0.0,normal_delay,3
27.0,2201.6,0.012263808139534885,normal_delay,3
35.0,1383.6,0.0252963284186181,normal_delay,3
27.0,614.1,0.04396678065461651,normal_delay,3
38.0,1815.17,0.020934678294594996,normal_delay,3
9.0,614.1,0.014655593551538837,normal_delay,3
22.0,1404.24,0.015666837577622057,normal_delay,3
0.0,614.1,0.0,normal_delay,3
0.0,614.1,0.0,normal_delay,3
27.0,1790.6,0.015078744554897801,normal_delay,3
31.0,614.1,0.05048037778863377,normal_delay,3
0.0,614.1,0.0,normal_delay,3
33.0,614.1,0.0537371763556424,normal_delay,3
12.0,614.1,0.019540791402051783,normal_delay,3
70.0,2029.57,0.034490064397877385,normal_delay,3
58.0,614.1,0.09444715844325029,normal_delay,3
18.0,614.1,0.029311187103077674,normal_delay,3
0.0,879.8,0.0,normal_delay,3
0.0,614.1,0.0,normal_delay,3
43.0,2558.6,0.016806065817243806,normal_delay,3
0.0,1383.6,0.0,normal_delay,3
0.0,796.16,0.0,normal_delay,3
69.0,1815.17,0.03801296848229092,normal_delay,3
6.0,1773.8,0.0033825684970120646,normal_delay,3
0.0,1383.6,0.0,normal_delay,3
70.0,1854.6,0.03774398792192387,normal_delay,3
0.0,2154.96,0.0,normal_delay,3
66.0,3405.17,0.019382292220359042,normal_delay,3
43.0,2537.96,0.016942741414364294,normal_delay,3
90.0,2436.73,0.03693474451416447,normal_delay,3
45.0,1017.17,0.04424039246143713,normal_delay,3
3.0,1069.8,0.0028042624789680315,normal_delay,3
0.0,589.53,0.0,normal_delay,3
31.0,841.37,0.03684467000249593,normal_delay,3
38.0,443.3,0.0857207308820212,normal_delay,3
27.0,614.1,0.04396678065461651,normal_delay,3
0.0,614.1,0.0,normal_delay,3
56.0,1794.53,0.031205942503050938,normal_delay,3
22.0,443.3,0.04962779156327543,normal_delay,3
126.0,2457.37,0.0512743298729943,normal_delay,3
25.0,1545.37,0.016177355584746696,normal_delay,3
0.0,820.73,0.0,normal_delay,3
34.0,1407.6,0.02415458937198068,normal_delay,3
0.0,1386.96,0.0,normal_delay,3
31.0,614.1,0.05048037778863377,normal_delay,3
19.0,614.1,0.03093958638658199,normal_delay,3
0.0,589.53,0.0,normal_delay,3
0.0,443.3,0.0,normal_delay,3
64.0,1794.53,0.035663934289201074,normal_delay,3
38.0,614.1,0.06187917277316398,normal_delay,3
54.0,1428.24,0.03780877163501933,normal_delay,3
29.0,610.17,0.047527738171329305,normal_delay,3
25.0,614.1,0.04070998208760788,normal_delay,3
13.0,614.1,0.0211691906855561,normal_delay,3
8.0,614.1,0.013027194268034522,normal_delay,3
8.0,443.3,0.018046469659372885,normal_delay,3
56.0,1518.24,0.03688481399515228,normal_delay,3
27.0,1353.6,0.0199468085106383,normal_delay,3
0.0,992.6,0.0,normal_delay,3
23.0,614.1,0.03745318352059925,normal_delay,3
33.0,1428.24,0.02310536044362292,normal_delay,3
5.0,1374.24,0.0036383746652695306,normal_delay,3
5.0,614.1,0.008141996417521577,normal_delay,3
0.0,614.1,0.0,normal_delay,3
23.0,610.17,0.03769441303243359,normal_delay,3
15.0,610.17,0.024583312847239296,normal_delay,3
0.0,614.1,0.0,normal_delay,3
0.0,614.1,0.0,normal_delay,3
4.0,1374.24,0.0029106997322156246,normal_delay,3
14.0,610.17,0.02294442532409001,normal_delay,3
19.0,1428.24,0.013303086316025317,normal_delay,3
0.0,1353.6,0.0,normal_delay,3
3.0,614.1,0.004885197850512946,normal_delay,3
17.0,1794.53,0.009473232545569034,normal_delay,3
18.0,1428.24,0.012602923878339774,normal_delay,3
17.0,1407.6,0.01207729468599034,normal_delay,3
11.0,610.17,0.01802776275464215,normal_delay,3
0.0,614.1,0.0,normal_delay,3
7.0,816.8,0.008570029382957886,normal_delay,3
63.0,2455.93,0.02565219692743686,normal_delay,3
19.0,1794.53,0.010587730492106569,normal_delay,3
3.0,1383.6,0.0021682567215958373,normal_delay,3
16.0,443.3,0.03609293931874577,normal_delay,3
16.0,1407.6,0.011366865586814436,normal_delay,3
0.0,589.53,0.0,normal_delay,3
0.0,589.53,0.0,normal_delay,3
0.0,614.1,0.0,normal_delay,3
48.0,1790.6,0.02680665698648498,normal_delay,3
45.0,1537.44,0.02926943490477677,normal_delay,3
0.0,1790.6,0.0,normal_delay,3
37.0,443.3,0.0834649221745996,normal_delay,3
0.0,614.1,0.0,normal_delay,3
103.0,3405.17,0.03024812270753002,normal_delay,3
0.0,1407.6,0.0,normal_delay,3
18.0,816.8,0.022037218413320275,normal_delay,3
28.0,1053.24,0.026584634081500892,normal_delay,3
0.0,1407.6,0.0,normal_delay,3
0.0,443.3,0.0,normal_delay,3
18.0,1428.24,0.012602923878339774,normal_delay,3
0.0,1404.24,0.0,normal_delay,3
0.0,589.53,0.0,normal_delay,3
23.0,992.6,0.023171468869635302,normal_delay,3
0.0,614.1,0.0,normal_delay,3
155.0,4296.53,0.03607562381735959,normal_delay,3
34.0,2558.6,0.013288517157820683,normal_delay,3
34.0,1013.24,0.03355572223757451,normal_delay,3
0.0,614.1,0.0,normal_delay,3
24.0,1013.24,0.023686392167699657,normal_delay,3
38.0,614.1,0.06187917277316398,normal_delay,3
5.0,1013.24,0.004934665034937428,normal_delay,3
39.0,614.1,0.0635075720566683,normal_delay,3
0.0,614.1,0.0,normal_delay,3
39.0,614.1,0.0635075720566683,normal_delay,3
0.0,614.1,0.0,normal_delay,3
0.0,614.1,0.0,normal_delay,3
32.0,614.1,0.05210877707213809,normal_delay,3
0.0,614.1,0.0,normal_delay,3
0.0,589.53,0.0,normal_delay,3
22.0,614.1,0.03582478423709493,normal_delay,3
0.0,878.36,0.0,normal_delay,3
2.0,614.1,0.0032567985670086306,normal_delay,3
13.0,1497.6,0.008680555555555556,normal_delay,3
0.0,614.1,0.0,normal_delay,3
10.0,1289.6,0.007754342431761787,normal_delay,3
34.0,614.1,0.055365575639146715,normal_delay,3
33.0,614.1,0.0537371763556424,normal_delay,3
32.0,614.1,0.05210877707213809,normal_delay,3
0.0,614.1,0.0,normal_delay,3
32.0,996.53,0.03211142665047716,normal_delay,3
0.0,1386.96,0.0,normal_delay,3
31.0,614.1,0.05048037778863377,normal_delay,3
28.0,614.1,0.045595179938120824,normal_delay,3
25.0,614.1,0.04070998208760788,normal_delay,3
14.0,614.1,0.022797589969060412,normal_delay,3
34.0,272.5,0.12477064220183487,normal_delay,3
9.0,272.5,0.03302752293577982,normal_delay,3
31.0,992.6,0.031231110215595406,normal_delay,3
0.0,996.53,0.0,normal_delay,3
0.0,614.1,0.0,normal_delay,3
0.0,614.1,0.0,normal_delay,3
9.0,272.5,0.03302752293577982,normal_delay,3
42.0,614.1,0.06839276990718124,normal_delay,3
29.0,614.1,0.047223579221625143,normal_delay,3
0.0,614.1,0.0,normal_delay,3
0.0,272.5,0.0,normal_delay,3
32.0,861.8,0.037131585054537015,normal_delay,3
3.0,1013.24,0.002960799020962457,normal_delay,3
0.0,614.1,0.0,normal_delay,3
1.0,614.1,0.0016283992835043153,normal_delay,3
0.0,1011.96,0.0,normal_delay,3
21.0,614.1,0.03419638495359062,normal_delay,3
19.0,614.1,0.03093958638658199,normal_delay,3
18.0,614.1,0.029311187103077674,normal_delay,3
0.0,614.1,0.0,normal_delay,3
49.0,614.1,0.07979156489171145,normal_delay,3
17.0,614.1,0.027682787819573357,normal_delay,3
10.0,614.1,0.016283992835043153,normal_delay,3
0.0,247.93,0.0,normal_delay,3
43.0,614.1,0.07002116919068556,normal_delay,3
19.0,861.8,0.022046878626131354,normal_delay,3
30.0,1854.6,0.016175994823681657,normal_delay,3
17.0,882.44,0.019264765876433523,normal_delay,3
40.0,820.73,0.04873709989887052,normal_delay,3
3.0,614.1,0.004885197850512946,normal_delay,3
0.0,614.1,0.0,normal_delay,3
84.0,2172.24,0.038669760247486466,normal_delay,3
35.0,614.1,0.056993974922651035,normal_delay,3
18.0,614.1,0.029311187103077674,normal_delay,3
11.0,610.17,0.01802776275464215,normal_delay,3
0.0,614.1,0.0,normal_delay,3
0.0,614.1,0.0,normal_delay,3
19.0,1017.17,0.01867927681705123,normal_delay,3
0.0,1386.96,0.0,normal_delay,3
6.0,614.1,0.009770395701025891,normal_delay,3
0.0,614.1,0.0,normal_delay,3
42.0,2973.6,0.014124293785310734,normal_delay,3
36.0,2601.96,0.013835723838952175,normal_delay,3
0.0,614.1,0.0,normal_delay,3
4.0,614.1,0.006513597134017261,normal_delay,3
0.0,614.1,0.0,normal_delay,3
22.0,2151.6,0.010224948875255624,normal_delay,3
0.0,614.1,0.0,normal_delay,3
3.0,1790.6,0.0016754160616553112,normal_delay,3
0.0,614.1,0.0,normal_delay,3
0.0,589.53,0.0,normal_delay,3
0.0,1029.96,0.0,normal_delay,3
0.0,614.1,0.0,normal_delay,3
0.0,971.96,0.0,normal_delay,3
0.0,614.1,0.0,normal_delay,3
0.0,589.53,0.0,normal_delay,3
0.0,614.1,0.0,normal_delay,3
0.0,614.1,0.0,normal_delay,3
106.0,2201.6,0.0481468023255814,normal_delay,3
14.0,1833.96,0.007633754280355078,normal_delay,3
36.0,841.37,0.04278735871257592,normal_delay,3
13.0,1794.53,0.007244236652493968,normal_delay,3
0.0,589.53,0.0,normal_delay,3
7.0,1090.44,0.006419427020285389,normal_delay,3
22.0,1017.17,0.021628636314480372,normal_delay,3
110.0,3359.96,0.03273848498196407,normal_delay,3
0.0,1011.96,0.0,normal_delay,3
0.0,796.16,0.0,normal_delay,3
0.0,589.53,0.0,normal_delay,3
0.0,614.1,0.0,normal_delay,3
38.0,1353.6,0.02807328605200946,normal_delay,3
18.0,2196.24,0.008195825592831385,normal_delay,3
94.0,1815.17,0.05178578314978762,normal_delay,3
6.0,1289.6,0.0046526054590570725,normal_delay,3
113.0,3405.17,0.03318483365000866,normal_delay,3
155.0,3812.24,0.04065851048202632,normal_delay,3
28.0,820.73,0.03411596992920936,normal_delay,3
37.0,443.3,0.0834649221745996,normal_delay,3
76.0,2196.24,0.034604596947510294,normal_delay,3
34.0,1013.24,0.03355572223757451,normal_delay,3
7.0,1520.8,0.004602840610205155,normal_delay,3
32.0,992.6,0.03223856538384042,normal_delay,3
33.0,610.17,0.05408328826392645,normal_delay,3
0.0,589.53,0.0,normal_delay,3
90.0,1815.17,0.04958213280298815,normal_delay,3
90.0,1839.57,0.04892447691580098,normal_delay,3
14.0,1811.24,0.007729511274044301,normal_delay,3
38.0,1289.6,0.02946650124069479,normal_delay,3
7.0,443.3,0.015790660951951273,normal_delay,3
0.0,443.3,0.0,normal_delay,3
70.0,2643.24,0.026482650080961248,normal_delay,3
22.0,1811.24,0.012146374859212473,normal_delay,3
0.0,614.1,0.0,normal_delay,3
0.0,614.1,0.0,normal_delay,3
6.0,841.37,0.007131226452095987,normal_delay,3
16.0,614.1,0.026054388536069045,normal_delay,3
3.0,2175.6,0.0013789299503585218,normal_delay,3
5.0,1524.73,0.0032792691164993146,normal_delay,3
41.0,1815.17,0.022587416054694602,normal_delay,3
16.0,1353.6,0.011820330969267141,normal_delay,3
45.0,614.1,0.07327796775769418,normal_delay,3
0.0,614.1,0.0,normal_delay,3
0.0,1769.96,0.0,normal_delay,3
21.0,610.17,0.034416637986135014,normal_delay,3
0.0,443.3,0.0,normal_delay,3
52.0,1794.53,0.028976946609975872,normal_delay,3
0.0,589.53,0.0,normal_delay,3
86.0,2436.73,0.035293200313534945,normal_delay,3
0.0,589.53,0.0,normal_delay,3
53.0,2455.93,0.021580419637367516,normal_delay,3
34.0,1794.53,0.01894646509113807,normal_delay,3
14.0,610.17,0.02294442532409001,normal_delay,3
49.0,1541.44,0.03178845754619057,normal_delay,3
30.0,816.8,0.036728697355533794,normal_delay,3
37.0,443.3,0.0834649221745996,normal_delay,3
0.0,1268.96,0.0,normal_delay,3
12.0,610.17,0.019666650277791436,normal_delay,3
24.0,614.1,0.039081582804103565,normal_delay,3
18.0,614.1,0.029311187103077674,normal_delay,3
45.0,1428.24,0.03150730969584944,normal_delay,3
30.0,1032.6,0.029052876234747244,normal_delay,3
32.0,614.1,0.05210877707213809,normal_delay,3
185.0,3274.0,0.05650580329871716,normal_delay,3
71.0,2319.6,0.03060872564235213,normal_delay,3
0.0,1386.96,0.0,normal_delay,3
22.0,614.1,0.03582478423709493,normal_delay,3
8.0,610.17,0.013111100185194291,normal_delay,3
22.0,614.1,0.03582478423709493,normal_delay,3
42.0,1815.17,0.02313832864139447,normal_delay,3
4.0,610.17,0.0065555500925971455,normal_delay,3
15.0,443.3,0.03383713061132416,normal_delay,3
3.0,614.1,0.004885197850512946,normal_delay,3
0.0,614.1,0.0,normal_delay,3
38.0,614.1,0.06187917277316398,normal_delay,3
1.0,610.17,0.0016388875231492864,normal_delay,3
1.0,614.1,0.0016283992835043153,normal_delay,3
39.0,996.53,0.03913580123026904,normal_delay,3
37.0,614.1,0.06025077348965966,normal_delay,3
0.0,443.3,0.0,normal_delay,3
0.0,878.36,0.0,normal_delay,3
41.0,1683.8,0.02434968523577622,normal_delay,3
128.0,2583.17,0.049551520031589094,normal_delay,3
0.0,1289.6,0.0,normal_delay,3
39.0,614.1,0.0635075720566683,normal_delay,3
23.0,614.1,0.03745318352059925,normal_delay,3
0.0,589.53,0.0,normal_delay,3
0.0,589.53,0.0,normal_delay,3
32.0,614.1,0.05210877707213809,normal_delay,3
0.0,614.1,0.0,normal_delay,3
0.0,614.1,0.0,normal_delay,3
42.0,614.1,0.06839276990718124,normal_delay,3
29.0,614.1,0.047223579221625143,normal_delay,3
13.0,614.1,0.0211691906855561,normal_delay,3
0.0,614.1,0.0,normal_delay,3
26.0,1794.53,0.014488473304987936,normal_delay,3
18.0,1032.6,0.017431725740848347,normal_delay,3
31.0,1794.53,0.01727471817133177,normal_delay,3
7.0,614.1,0.011398794984530206,normal_delay,3
5.0,614.1,0.008141996417521577,normal_delay,3
31.0,614.1,0.05048037778863377,normal_delay,3
23.0,614.1,0.03745318352059925,normal_delay,3
20.0,614.1,0.03256798567008631,normal_delay,3
95.0,1524.73,0.062306113213486974,normal_delay,3
9.0,1353.6,0.006648936170212766,normal_delay,3
36.0,614.1,0.05862237420615535,normal_delay,3
29.0,614.1,0.047223579221625143,normal_delay,3
13.0,614.1,0.0211691906855561,normal_delay,3
26.0,2175.6,0.011950726236440523,normal_delay,3
5.0,1383.6,0.0036137612026597285,normal_delay,3
22.0,614.1,0.03582478423709493,normal_delay,3
13.0,614.1,0.0211691906855561,normal_delay,3
0.0,796.16,0.0,normal_delay,3
0.0,614.1,0.0,normal_delay,3
58.0,1875.24,0.030929374373413535,normal_delay,3
29.0,1013.24,0.028621057202637086,normal_delay,3
0.0,247.93,0.0,normal_delay,3
51.0,2583.17,0.01974318376258628,normal_delay,3
0.0,1794.53,0.0,normal_delay,3
2.0,614.1,0.0032567985670086306,normal_delay,3
0.0,614.1,0.0,normal_delay,3
0.0,610.17,0.0,normal_delay,3
39.0,1428.24,0.02730633506973618,normal_delay,3
0.0,589.53,0.0,normal_delay,3
35.0,1017.17,0.03440919413667332,normal_delay,3
40.0,272.5,0.14678899082568808,normal_delay,3
14.0,272.5,0.05137614678899083,normal_delay,3
0.0,899.0,0.0,normal_delay,3
0.0,614.1,0.0,normal_delay,3
15.0,272.5,0.05504587155963303,normal_delay,3
32.0,272.5,0.11743119266055047,normal_delay,3
0.0,614.1,0.0,normal_delay,3
0.0,614.1,0.0,normal_delay,3
0.0,272.5,0.0,normal_delay,3
0.0,992.6,0.0,normal_delay,3
29.0,268.57,0.10797929776222215,normal_delay,3
0.0,1332.96,0.0,normal_delay,3
0.0,610.17,0.0,normal_delay,3
25.0,1407.6,0.017760727479397557,normal_delay,3
0.0,1386.96,0.0,normal_delay,3
0.0,614.1,0.0,normal_delay,3
70.0,1524.73,0.0459097676309904,normal_delay,3
66.0,1500.16,0.043995307167235494,normal_delay,3
15.0,1407.6,0.010656436487638534,normal_delay,3
0.0,614.1,0.0,normal_delay,3
45.0,614.1,0.07327796775769418,normal_delay,3
54.0,1545.37,0.034943088063052866,normal_delay,3
15.0,614.1,0.024425989252564728,normal_delay,3
15.0,614.1,0.024425989252564728,normal_delay,3
85.0,2562.53,0.03317034337158979,normal_delay,3
25.0,2994.24,0.008349364112429198,normal_delay,3
77.0,1524.73,0.05050074439408944,normal_delay,3
32.0,614.1,0.05210877707213809,normal_delay,3
26.0,614.1,0.0423383813711122,normal_delay,3
55.0,1520.8,0.0361651762230405,normal_delay,3
15.0,1524.73,0.009837807349497943,normal_delay,3
28.0,614.1,0.045595179938120824,normal_delay,3
26.0,614.1,0.0423383813711122,normal_delay,3
0.0,614.1,0.0,normal_delay,3
31.0,1545.37,0.020059920925085902,normal_delay,3
4.0,614.1,0.006513597134017261,normal_delay,3
26.0,614.1,0.0423383813711122,normal_delay,3
19.0,614.1,0.03093958638658199,normal_delay,3
3.0,1545.37,0.0019412826701696035,normal_delay,3
25.0,614.1,0.04070998208760788,normal_delay,3
8.0,614.1,0.013027194268034522,normal_delay,3
0.0,268.57,0.0,normal_delay,3
1.0,1524.73,0.0006558538232998629,normal_delay,3
0.0,861.8,0.0,normal_delay,3
21.0,614.1,0.03419638495359062,normal_delay,3
16.0,614.1,0.026054388536069045,normal_delay,3
58.0,2952.96,0.019641309059384483,normal_delay,3
0.0,614.1,0.0,normal_delay,3
32.0,1704.44,0.018774494848747974,normal_delay,3
66.0,3384.53,0.019500491944228593,normal_delay,3
0.0,614.1,0.0,normal_delay,3
5.0,1524.73,0.0032792691164993146,normal_delay,3
0.0,614.1,0.0,normal_delay,3
37.0,614.1,0.06025077348965966,normal_delay,3
0.0,589.53,0.0,normal_delay,3
0.0,614.1,0.0,normal_delay,3
0.0,247.93,0.0,normal_delay,3
43.0,614.1,0.07002116919068556,normal_delay,3
27.0,614.1,0.04396678065461651,normal_delay,3
11.0,614.1,0.017912392118547466,normal_delay,3
3.0,614.1,0.004885197850512946,normal_delay,3
58.0,1834.2,0.03162141533093447,normal_delay,3
58.0,1854.6,0.0312735899924512,normal_delay,3
34.0,1794.53,0.01894646509113807,normal_delay,3
11.0,1407.6,0.007814720090934925,normal_delay,3
5.0,614.1,0.008141996417521577,normal_delay,3
0.0,589.53,0.0,normal_delay,3
34.0,2562.53,0.013268137348635918,normal_delay,3
6.0,1069.8,0.005608524957936063,normal_delay,3
0.0,820.73,0.0,normal_delay,3
84.0,3380.6,0.02484766017866651,normal_delay,3
0.0,878.36,0.0,normal_delay,3
0.0,614.1,0.0,normal_delay,3
0.0,589.53,0.0,normal_delay,3
33.0,610.17,0.05408328826392645,normal_delay,3
0.0,820.73,0.0,normal_delay,3
32.0,610.17,0.052444400740777164,normal_delay,3
0.0,614.1,0.0,normal_delay,3
0.0,614.1,0.0,normal_delay,3
0.0,614.1,0.0,normal_delay,3
0.0,614.1,0.0,normal_delay,3
42.0,841.37,0.0499185851646719,normal_delay,3
33.0,443.3,0.07444168734491315,normal_delay,3
0.0,614.1,0.0,normal_delay,3
0.0,614.1,0.0,normal_delay,3
37.0,2154.96,0.017169692244867654,normal_delay,3
18.0,1811.24,0.009937943066628386,normal_delay,3
32.0,610.17,0.052444400740777164,normal_delay,3
0.0,589.53,0.0,normal_delay,3
6.0,820.73,0.007310564984830578,normal_delay,3
0.0,820.73,0.0,normal_delay,3
17.0,443.3,0.03834874802616738,normal_delay,3
0.0,614.1,0.0,normal_delay,3
0.0,589.53,0.0,normal_delay,3
90.0,2201.6,0.04087936046511628,normal_delay,3
0.0,1790.6,0.0,normal_delay,3
31.0,610.17,0.05080551321762788,normal_delay,3
34.0,2180.96,0.015589465189641258,normal_delay,3
11.0,610.17,0.01802776275464215,normal_delay,3
0.0,610.17,0.0,normal_delay,3
0.0,610.17,0.0,normal_delay,3
60.0,3831.44,0.01565990854613409,normal_delay,3
0.0,247.93,0.0,normal_delay,3
37.0,443.3,0.0834649221745996,normal_delay,3
0.0,820.73,0.0,normal_delay,3
39.0,3831.44,0.01017894055498716,normal_delay,3
47.0,1815.17,0.02589289157489381,normal_delay,3
62.0,614.1,0.10096075557726754,normal_delay,3
31.0,614.1,0.05048037778863377,normal_delay,3
43.0,1815.17,0.02368924122809434,normal_delay,3
0.0,443.3,0.0,normal_delay,3
13.0,1497.6,0.008680555555555556,normal_delay,3
0.0,1353.6,0.0,normal_delay,3
0.0,2175.6,0.0,normal_delay,3
7.0,1428.24,0.004901137063798801,normal_delay,3
34.0,996.53,0.03411839081613198,normal_delay,3
39.0,614.1,0.0635075720566683,normal_delay,3
0.0,247.93,0.0,normal_delay,3
0.0,2175.6,0.0,normal_delay,3
47.0,1289.6,0.0364454094292804,normal_delay,3
19.0,1404.24,0.01353045063521905,normal_delay,3
16.0,614.1,0.026054388536069045,normal_delay,3
0.0,614.1,0.0,normal_delay,3
70.0,841.37,0.08319764194111984,normal_delay,3
39.0,614.1,0.0635075720566683,normal_delay,3
30.0,614.1,0.048851978505129456,normal_delay,3
0.0,971.96,0.0,normal_delay,3
42.0,614.1,0.06839276990718124,normal_delay,3
0.0,614.1,0.0,normal_delay,3
52.0,841.37,0.06180396258483188,normal_delay,3
10.0,614.1,0.016283992835043153,normal_delay,3
0.0,614.1,0.0,normal_delay,3
40.0,841.37,0.04754150968063991,normal_delay,3
19.0,996.53,0.019066159573720813,normal_delay,3
9.0,614.1,0.014655593551538837,normal_delay,3
53.0,2222.24,0.02384980920152639,normal_delay,3
0.0,1794.53,0.0,normal_delay,3
0.0,796.16,0.0,normal_delay,3
0.0,614.1,0.0,normal_delay,3
0.0,614.1,0.0,normal_delay,3
3.0,1407.6,0.002131287297527707,normal_delay,3
4.0,1353.6,0.0029550827423167852,normal_delay,3
16.0,899.0,0.017797552836484983,normal_delay,3
38.0,1811.24,0.02098010202954882,normal_delay,3
42.0,841.37,0.0499185851646719,normal_delay,3
0.0,1497.6,0.0,normal_delay,3
4.0,1289.6,0.003101736972704715,normal_delay,3
0.0,1362.96,0.0,normal_delay,3
122.0,2558.6,0.0476823262721801,normal_delay,3
29.0,841.37,0.034467594518463936,normal_delay,3
27.0,1794.53,0.015045722278256703,normal_delay,3
38.0,1374.24,0.027651647456048433,normal_delay,3
16.0,816.8,0.019588638589618023,normal_delay,3
78.0,2579.24,0.030241466478497545,normal_delay,3
0.0,1353.6,0.0,normal_delay,3
9.0,272.5,0.03302752293577982,normal_delay,3
6.0,996.53,0.006020892496964467,normal_delay,3
28.0,614.1,0.045595179938120824,normal_delay,3
0.0,899.0,0.0,normal_delay,3
2.0,610.17,0.0032777750462985727,normal_delay,3
23.0,272.5,0.08440366972477065,normal_delay,3
0.0,272.5,0.0,normal_delay,3
77.0,2583.17,0.029808336269002814,normal_delay,3
40.0,1500.16,0.026663822525597267,normal_delay,3
0.0,996.53,0.0,normal_delay,3
0.0,610.17,0.0,normal_delay,3
28.0,1374.24,0.020374898125509373,normal_delay,3
41.0,614.1,0.06676437062367692,normal_delay,3
0.0,272.5,0.0,normal_delay,3
25.0,1500.16,0.016664889078498293,normal_delay,3
0.0,1032.6,0.0,normal_delay,3
24.0,614.1,0.039081582804103565,normal_delay,3
31.0,268.57,0.1154261458837547,normal_delay,3
0.0,589.53,0.0,normal_delay,3
0.0,614.1,0.0,normal_delay,3
27.0,614.1,0.04396678065461651,normal_delay,3
8.0,614.1,0.013027194268034522,normal_delay,3
0.0,614.1,0.0,normal_delay,3
0.0,861.8,0.0,normal_delay,3
20.0,614.1,0.03256798567008631,normal_delay,3
14.0,614.1,0.022797589969060412,normal_delay,3
2.0,614.1,0.0032567985670086306,normal_delay,3
1.0,614.1,0.0016283992835043153,normal_delay,3
30.0,1310.24,0.02289656856759067,normal_delay,3
0.0,1407.6,0.0,normal_delay,3
4.0,614.1,0.006513597134017261,normal_delay,3
0.0,614.1,0.0,normal_delay,3
34.0,2241.44,0.015168820044257262,normal_delay,3
23.0,1310.24,0.017554035901819514,normal_delay,3
0.0,1407.6,0.0,normal_delay,3
35.0,614.1,0.056993974922651035,normal_delay,3
29.0,614.1,0.047223579221625143,normal_delay,3
32.0,614.1,0.05210877707213809,normal_delay,3
12.0,614.1,0.019540791402051783,normal_delay,3
22.0,614.1,0.03582478423709493,normal_delay,3
20.0,614.1,0.03256798567008631,normal_delay,3
3.0,614.1,0.004885197850512946,normal_delay,3
0.0,589.53,0.0,normal_delay,3
2.0,614.1,0.0032567985670086306,normal_delay,3
47.0,1497.6,0.03138354700854701,normal_delay,3
36.0,1407.6,0.025575447570332484,normal_delay,3
0.0,1407.6,0.0,normal_delay,3
60.0,2175.6,0.027578599007170437,normal_delay,3
4.0,1310.24,0.0030528758090120896,normal_delay,3
20.0,1017.17,0.01966239664952761,normal_delay,3
27.0,1794.53,0.015045722278256703,normal_delay,3
0.0,614.1,0.0,normal_delay,3
65.0,2319.6,0.028022072771167444,normal_delay,3
31.0,1518.24,0.02041837917588787,normal_delay,3
10.0,1428.24,0.00700162437685543,normal_delay,3
6.0,1404.24,0.004272773884806016,normal_delay,3
0.0,1289.6,0.0,normal_delay,3
8.0,1017.17,0.007864958659811044,normal_delay,3
0.0,614.1,0.0,normal_delay,3
36.0,1310.24,0.027475882281108803,normal_delay,3
0.0,614.1,0.0,normal_delay,3
28.0,1794.53,0.015602971251525469,normal_delay,3
23.0,1794.53,0.012816726385181635,normal_delay,3
0.0,882.44,0.0,normal_delay,3
0.0,1332.96,0.0,normal_delay,3
43.0,614.1,0.07002116919068556,normal_delay,3
0.0,1029.96,0.0,normal_delay,3
0.0,589.53,0.0,normal_delay,3
10.0,614.1,0.016283992835043153,normal_delay,3
0.0,589.53,0.0,normal_delay,3
115.0,3405.17,0.03377217583850439,normal_delay,3
16.0,879.8,0.018185951352580134,normal_delay,3
27.0,614.1,0.04396678065461651,normal_delay,3
0.0,614.1,0.0,normal_delay,3
0.0,614.1,0.0,normal_delay,3
139.0,3405.17,0.04082028210045313,normal_delay,3
43.0,1815.17,0.02368924122809434,normal_delay,3
5.0,1069.8,0.004673770798280052,normal_delay,3
7.0,1603.0,0.004366812227074236,normal_delay,3
0.0,1428.24,0.0,normal_delay,3
0.0,1407.6,0.0,normal_delay,3
0.0,1011.96,0.0,normal_delay,3
17.0,1524.73,0.011149514996097669,normal_delay,3
0.0,1268.96,0.0,normal_delay,3
16.0,614.1,0.026054388536069045,normal_delay,3
23.0,614.1,0.03745318352059925,normal_delay,3
0.0,589.53,0.0,normal_delay,3
19.0,1013.24,0.018751727132762228,normal_delay,3
31.0,610.17,0.05080551321762788,normal_delay,3
23.0,614.1,0.03745318352059925,normal_delay,3
0.0,614.1,0.0,normal_delay,3
71.0,1838.13,0.038626212509452536,normal_delay,3
42.0,614.1,0.06839276990718124,normal_delay,3
33.0,614.1,0.0537371763556424,normal_delay,3
28.0,614.1,0.045595179938120824,normal_delay,3
18.0,610.17,0.029499975416687155,normal_delay,3
12.0,614.1,0.019540791402051783,normal_delay,3
0.0,589.53,0.0,normal_delay,3
37.0,2537.96,0.014578637961197181,normal_delay,3
7.0,1013.24,0.0069085310489124,normal_delay,3
30.0,614.1,0.048851978505129456,normal_delay,3
0.0,614.1,0.0,normal_delay,3
59.0,1854.6,0.03181278981990726,normal_delay,3
0.0,1582.36,0.0,normal_delay,3
16.0,614.1,0.026054388536069045,normal_delay,3
3.0,610.17,0.004916662569447859,normal_delay,3
0.0,610.17,0.0,normal_delay,3
0.0,589.53,0.0,normal_delay,3
26.0,614.1,0.0423383813711122,normal_delay,3
74.0,3401.24,0.021756771059966366,normal_delay,3
0.0,1289.6,0.0,normal_delay,3
23.0,614.1,0.03745318352059925,normal_delay,3
36.0,443.3,0.08120911346717798,normal_delay,3
9.0,443.3,0.020302278366794494,normal_delay,3
3.0,1790.6,0.0016754160616553112,normal_delay,3
17.0,614.1,0.027682787819573357,normal_delay,3
11.0,614.1,0.017912392118547466,normal_delay,3
9.0,614.1,0.014655593551538837,normal_delay,3
0.0,614.1,0.0,normal_delay,3
0.0,614.1,0.0,normal_delay,3
0.0,1386.96,0.0,normal_delay,3
0.0,1289.6,0.0,normal_delay,3
3.0,614.1,0.004885197850512946,normal_delay,3
0.0,614.1,0.0,normal_delay,3
0.0,589.53,0.0,normal_delay,3
98.0,1524.73,0.06427367468338657,normal_delay,3
9.0,2151.6,0.004182933630786392,normal_delay,3
0.0,614.1,0.0,normal_delay,3
131.0,2457.37,0.05330902550287503,normal_delay,3
41.0,614.1,0.06676437062367692,normal_delay,3
25.0,614.1,0.04070998208760788,normal_delay,3
0.0,614.1,0.0,normal_delay,3
0.0,614.1,0.0,normal_delay,3
21.0,614.1,0.03419638495359062,normal_delay,3
0.0,247.93,0.0,normal_delay,3
4.0,614.1,0.006513597134017261,normal_delay,3
0.0,614.1,0.0,normal_delay,3
0.0,614.1,0.0,normal_delay,3
14.0,1013.24,0.0138170620978248,normal_delay,3
0.0,614.1,0.0,normal_delay,3
1.0,614.1,0.0016283992835043153,normal_delay,3
0.0,614.1,0.0,normal_delay,3
50.0,1524.73,0.03279269116499314,normal_delay,3
0.0,614.1,0.0,normal_delay,3
14.0,443.3,0.031581321903902546,normal_delay,3
36.0,614.1,0.05862237420615535,normal_delay,3
7.0,1790.6,0.003909304143862393,normal_delay,3
33.0,1017.17,0.03244295447172056,normal_delay,3
0.0,589.53,0.0,normal_delay,3
0.0,614.1,0.0,normal_delay,3
17.0,614.1,0.027682787819573357,normal_delay,3
0.0,589.53,0.0,normal_delay,3
0.0,614.1,0.0,normal_delay,3
290.0,5252.37,0.05521317043544153,normal_delay,3
7.0,2175.6,0.0032175032175032177,normal_delay,3
0.0,614.1,0.0,normal_delay,3
0.0,614.1,0.0,normal_delay,3
0.0,614.1,0.0,normal_delay,3
106.0,1520.8,0.06970015781167807,normal_delay,3
0.0,1790.6,0.0,normal_delay,3
41.0,614.1,0.06676437062367692,normal_delay,3
30.0,614.1,0.048851978505129456,normal_delay,3
0.0,614.1,0.0,normal_delay,3
119.0,2453.44,0.04850332594235033,normal_delay,3
0.0,1353.6,0.0,normal_delay,3
11.0,614.1,0.017912392118547466,normal_delay,3
8.0,614.1,0.013027194268034522,normal_delay,3
0.0,589.53,0.0,normal_delay,3
0.0,614.1,0.0,normal_delay,3
38.0,1476.96,0.025728523453580326,normal_delay,3
0.0,1268.96,0.0,normal_delay,3
30.0,614.1,0.048851978505129456,normal_delay,3
0.0,614.1,0.0,normal_delay,3
0.0,614.1,0.0,normal_delay,3
0.0,443.3,0.0,normal_delay,3
0.0,589.53,0.0,normal_delay,3
15.0,2201.6,0.0068132267441860465,normal_delay,3
0.0,614.1,0.0,normal_delay,3
34.0,816.8,0.0416258570029383,normal_delay,3
23.0,1017.17,0.022611756146956753,normal_delay,3
3.0,614.1,0.004885197850512946,normal_delay,3
37.0,2175.6,0.017006802721088437,normal_delay,3
8.0,816.8,0.009794319294809012,normal_delay,3
0.0,589.53,0.0,normal_delay,3
0.0,589.53,0.0,normal_delay,3
39.0,996.53,0.03913580123026904,normal_delay,3
7.0,837.44,0.008358807795185327,normal_delay,3
48.0,614.1,0.07816316560820713,normal_delay,3
0.0,614.1,0.0,normal_delay,3
2.0,614.1,0.0032567985670086306,normal_delay,3
0.0,589.53,0.0,normal_delay,3
0.0,2175.6,0.0,normal_delay,3
49.0,614.1,0.07979156489171145,normal_delay,3
122.0,2583.17,0.04722879253010835,normal_delay,3
10.0,996.53,0.01003482082827411,normal_delay,3
10.0,996.53,0.01003482082827411,normal_delay,3
0.0,614.1,0.0,normal_delay,3
2.0,272.5,0.007339449541284404,normal_delay,3
36.0,1407.6,0.025575447570332484,normal_delay,3
57.0,2151.6,0.02649191299498048,normal_delay,3
0.0,272.5,0.0,normal_delay,3
51.0,2196.24,0.023221505846355593,normal_delay,3
37.0,820.73,0.04508181740645523,normal_delay,3
34.0,3384.53,0.010045707971269274,normal_delay,3
74.0,1875.24,0.03946161557987244,normal_delay,3
38.0,2175.6,0.01746644603787461,normal_delay,3
95.0,2472.44,0.03842358156315219,normal_delay,3
80.0,2172.24,0.03682834309284426,normal_delay,3
62.0,1374.24,0.04511584584934218,normal_delay,3
33.0,861.8,0.0382919470874913,normal_delay,3
1.0,820.73,0.001218427497471763,normal_delay,3
7.0,996.53,0.007024374579791878,normal_delay,3
12.0,882.44,0.013598658265717782,normal_delay,3
0.0,796.16,0.0,normal_delay,3
0.0,589.53,0.0,normal_delay,3
69.0,2562.53,0.026926514031055244,normal_delay,3
59.0,2338.8,0.02522661193774585,normal_delay,3
19.0,2175.6,0.008733223018937305,normal_delay,3
80.0,841.37,0.09508301936127982,normal_delay,3
3.0,861.8,0.0034810860988628454,normal_delay,3
206.0,5275.5,0.03904843142830063,normal_delay,3
0.0,1289.6,0.0,normal_delay,3
52.0,841.37,0.06180396258483188,normal_delay,3
15.0,841.37,0.017828066130239965,normal_delay,3
0.0,268.57,0.0,normal_delay,3
10.0,841.37,0.011885377420159977,normal_delay,3
66.0,1497.6,0.044070512820512824,normal_delay,3
21.0,614.1,0.03419638495359062,normal_delay,3
11.0,610.17,0.01802776275464215,normal_delay,3
50.0,1428.24,0.035008121884277155,normal_delay,3
50.0,1017.17,0.04915599162381903,normal_delay,3
33.0,614.1,0.0537371763556424,normal_delay,3
24.0,614.1,0.039081582804103565,normal_delay,3
10.0,610.17,0.016388875231492864,normal_delay,3
0.0,841.37,0.0,normal_delay,3
38.0,1541.44,0.02465227319908657,normal_delay,3
42.0,1497.6,0.028044871794871796,normal_delay,3
38.0,1407.6,0.026996305768684288,normal_delay,3
27.0,610.17,0.04424996312503073,normal_delay,3
29.0,614.1,0.047223579221625143,normal_delay,3
8.0,610.17,0.013111100185194291,normal_delay,3
27.0,1289.6,0.020936724565756824,normal_delay,3
39.0,1017.17,0.038341673466578845,normal_delay,3
18.0,614.1,0.029311187103077674,normal_delay,3
33.0,2196.24,0.015025680253524206,normal_delay,3
30.0,614.1,0.048851978505129456,normal_delay,3
0.0,816.8,0.0,normal_delay,3
0.0,614.1,0.0,normal_delay,3
38.0,1404.24,0.0270609012704381,normal_delay,3
21.0,1289.6,0.016284119106699753,normal_delay,3
35.0,614.1,0.056993974922651035,normal_delay,3
8.0,1289.6,0.00620347394540943,normal_delay,3
16.0,614.1,0.026054388536069045,normal_delay,3
4.0,614.1,0.006513597134017261,normal_delay,3
13.0,3380.6,0.0038454712181269597,normal_delay,3
24.0,1497.6,0.016025641025641028,normal_delay,3
27.0,1017.17,0.026544235476862275,normal_delay,3
62.0,3848.24,0.01611126125189697,normal_delay,3
0.0,1032.6,0.0,normal_delay,3
0.0,589.53,0.0,normal_delay,3
16.0,1374.24,0.011642798928862498,normal_delay,3
0.0,1353.6,0.0,normal_delay,3
6.0,1428.24,0.004200974626113258,normal_delay,3
0.0,1386.96,0.0,normal_delay,3
45.0,614.1,0.07327796775769418,normal_delay,3
38.0,614.1,0.06187917277316398,normal_delay,3
42.0,614.1,0.06839276990718124,normal_delay,3
7.0,443.3,0.015790660951951273,normal_delay,3
0.0,589.53,0.0,normal_delay,3
136.0,5271.57,0.025798765832569806,normal_delay,3
33.0,614.1,0.0537371763556424,normal_delay,3
35.0,614.1,0.056993974922651035,normal_delay,3
27.0,614.1,0.04396678065461651,normal_delay,3
44.0,443.3,0.09925558312655086,normal_delay,3
0.0,971.96,0.0,normal_delay,3
1.0,614.1,0.0016283992835043153,normal_delay,3
0.0,614.1,0.0,normal_delay,3
78.0,1524.73,0.051156598217389306,normal_delay,3
7.0,820.73,0.00852899248230234,normal_delay,3
18.0,614.1,0.029311187103077674,normal_delay,3
3.0,614.1,0.004885197850512946,normal_delay,3
0.0,614.1,0.0,normal_delay,3
0.0,614.1,0.0,normal_delay,3
0.0,1404.24,0.0,normal_delay,3
13.0,614.1,0.0211691906855561,normal_delay,3
0.0,247.93,0.0,normal_delay,3
183.0,2432.8,0.07522196645840183,normal_delay,3
41.0,614.1,0.06676437062367692,normal_delay,3
27.0,614.1,0.04396678065461651,normal_delay,3
0.0,589.53,0.0,normal_delay,3
6.0,614.1,0.009770395701025891,normal_delay,3
0.0,614.1,0.0,normal_delay,3
0.0,589.53,0.0,normal_delay,3
0.0,1428.24,0.0,normal_delay,3
32.0,614.1,0.05210877707213809,normal_delay,3
0.0,614.1,0.0,normal_delay,3
8.0,2432.8,0.0032883919763235774,normal_delay,3
35.0,996.53,0.03512187289895939,normal_delay,3
23.0,614.1,0.03745318352059925,normal_delay,3
6.0,614.1,0.009770395701025891,normal_delay,3
158.0,4047.37,0.03903769608412377,normal_delay,3
59.0,2537.96,0.023247017289476587,normal_delay,3
16.0,1603.0,0.009981285090455396,normal_delay,3
0.0,1332.96,0.0,normal_delay,3
34.0,614.1,0.055365575639146715,normal_delay,3
30.0,614.1,0.048851978505129456,normal_delay,3
22.0,1500.16,0.014665102389078498,normal_delay,3
33.0,614.1,0.0537371763556424,normal_delay,3
4.0,614.1,0.006513597134017261,normal_delay,3
58.0,2130.96,0.027217779780005256,normal_delay,3
0.0,820.73,0.0,normal_delay,3
10.0,614.1,0.016283992835043153,normal_delay,3
8.0,614.1,0.013027194268034522,normal_delay,3
114.0,4043.44,0.028193815167283302,normal_delay,3
9.0,1582.36,0.00568770696933694,normal_delay,3
17.0,614.1,0.027682787819573357,normal_delay,3
16.0,614.1,0.026054388536069045,normal_delay,3
0.0,614.1,0.0,normal_delay,3
0.0,614.1,0.0,normal_delay,3
87.0,2455.93,0.03542446242360328,normal_delay,3
28.0,610.17,0.04588885064818002,normal_delay,3
22.0,614.1,0.03582478423709493,normal_delay,3
18.0,614.1,0.029311187103077674,normal_delay,3
17.0,268.57,0.06329820903302677,normal_delay,3
0.0,614.1,0.0,normal_delay,3
0.0,443.3,0.0,normal_delay,3
17.0,1516.8,0.011207805907172996,normal_delay,3
0.0,1603.0,0.0,normal_delay,3
12.0,614.1,0.019540791402051783,normal_delay,3
0.0,614.1,0.0,normal_delay,3
0.0,614.1,0.0,normal_delay,3
0.0,247.93,0.0,normal_delay,3
7.0,614.1,0.011398794984530206,normal_delay,3
0.0,614.1,0.0,normal_delay,3
0.0,614.1,0.0,normal_delay,3
0.0,614.1,0.0,normal_delay,3
133.0,2453.44,0.05420959958262684,normal_delay,3
17.0,996.53,0.01705919540806599,normal_delay,3
20.0,610.17,0.03277775046298573,normal_delay,3
0.0,614.1,0.0,normal_delay,3
0.0,589.53,0.0,normal_delay,3
0.0,1496.16,0.0,normal_delay,3
0.0,1017.17,0.0,normal_delay,3
22.0,614.1,0.03582478423709493,normal_delay,3
0.0,589.53,0.0,normal_delay,3
39.0,614.1,0.0635075720566683,normal_delay,3
9.0,614.1,0.014655593551538837,normal_delay,3
11.0,614.1,0.017912392118547466,normal_delay,3
0.0,614.1,0.0,normal_delay,3
63.0,2172.24,0.02900232018561485,normal_delay,3
0.0,2154.96,0.0,normal_delay,3
16.0,996.53,0.01605571332523858,normal_delay,3
50.0,614.1,0.08141996417521576,normal_delay,3
0.0,614.1,0.0,normal_delay,3
0.0,614.1,0.0,normal_delay,3
89.0,2558.6,0.03478464785429532,normal_delay,3
0.0,1017.17,0.0,normal_delay,3
0.0,614.1,0.0,normal_delay,3
0.0,247.93,0.0,normal_delay,3
38.0,2562.53,0.014829094683769554,normal_delay,3
30.0,614.1,0.048851978505129456,normal_delay,3
1.0,614.1,0.0016283992835043153,normal_delay,3
69.0,1524.73,0.04525391380769054,normal_delay,3
0.0,1582.36,0.0,normal_delay,3
0.0,614.1,0.0,normal_delay,3
0.0,614.1,0.0,normal_delay,3
0.0,1386.96,0.0,normal_delay,3
0.0,272.5,0.0,normal_delay,3
8.0,272.5,0.029357798165137616,normal_delay,3
7.0,272.5,0.025688073394495414,normal_delay,3
0.0,614.1,0.0,normal_delay,3
0.0,614.1,0.0,normal_delay,3
23.0,861.8,0.02668832675794848,normal_delay,3
0.0,816.8,0.0,normal_delay,3
23.0,1815.17,0.01267098949409697,normal_delay,3
56.0,614.1,0.09119035987624165,normal_delay,3
32.0,268.57,0.11914956994452099,normal_delay,3
63.0,614.1,0.10258915486077186,normal_delay,3
0.0,589.53,0.0,normal_delay,3
29.0,614.1,0.047223579221625143,normal_delay,3
0.0,861.8,0.0,normal_delay,3
0.0,614.1,0.0,normal_delay,3
0.0,589.53,0.0,normal_delay,3
0.0,816.8,0.0,normal_delay,3
0.0,614.1,0.0,normal_delay,3
61.0,1017.17,0.05997030978105922,normal_delay,3
0.0,1790.6,0.0,normal_delay,3
10.0,1407.6,0.007104290991759023,normal_delay,3
9.0,996.53,0.0090313387454467,normal_delay,3
0.0,247.93,0.0,normal_delay,3
4.0,1794.53,0.002228995893075067,normal_delay,3
26.0,1428.24,0.01820422337982412,normal_delay,3
0.0,971.96,0.0,normal_delay,3
0.0,614.1,0.0,normal_delay,3
0.0,614.1,0.0,normal_delay,3
0.0,268.57,0.0,normal_delay,3
26.0,1790.6,0.01452027253434603,normal_delay,3
42.0,1353.6,0.031028368794326244,normal_delay,3
0.0,861.8,0.0,normal_delay,3
0.0,816.8,0.0,normal_delay,3
63.0,1811.24,0.03478280073319936,normal_delay,3
30.0,1374.24,0.021830247991617185,normal_delay,3
39.0,610.17,0.06391661340282218,normal_delay,3
0.0,878.36,0.0,normal_delay,3
0.0,614.1,0.0,normal_delay,3
26.0,1815.17,0.014323727254196577,normal_delay,3
40.0,1353.6,0.02955082742316785,normal_delay,3
26.0,1353.6,0.0192080378250591,normal_delay,3
28.0,820.73,0.03411596992920936,normal_delay,3
1.0,882.44,0.0011332215221431484,normal_delay,3
0.0,589.53,0.0,normal_delay,3
45.0,3401.24,0.013230468887817384,normal_delay,3
0.0,1794.53,0.0,normal_delay,3
10.0,1032.6,0.009684292078249081,normal_delay,3
53.0,1794.53,0.02953419558324464,normal_delay,3
23.0,1811.24,0.012698482807358495,normal_delay,3
7.0,2196.24,0.0031872655083233165,normal_delay,3
20.0,1374.24,0.014553498661078123,normal_delay,3
41.0,2359.44,0.01737700471298274,normal_delay,3
4.0,1428.24,0.002800649750742172,normal_delay,3
1.0,1353.6,0.0007387706855791963,normal_delay,3
0.0,796.16,0.0,normal_delay,3
62.0,1794.53,0.03454943634266354,normal_delay,3
30.0,610.17,0.04916662569447859,normal_delay,3
0.0,1383.6,0.0,normal_delay,3
0.0,1011.96,0.0,normal_delay,3
28.0,899.0,0.03114571746384872,normal_delay,3
27.0,610.17,0.04424996312503073,normal_delay,3
19.0,610.17,0.03113886293983644,normal_delay,3
20.0,1794.53,0.011144979465375335,normal_delay,3
0.0,1407.6,0.0,normal_delay,3
7.0,1032.6,0.006779004454774357,normal_delay,3
0.0,1332.96,0.0,normal_delay,3
13.0,610.17,0.021305537800940723,normal_delay,3
31.0,1353.6,0.022901891252955085,normal_delay,3
0.0,247.93,0.0,normal_delay,3
8.0,1733.96,0.004613716579390528,normal_delay,3
2.0,610.17,0.0032777750462985727,normal_delay,3
0.0,1362.96,0.0,normal_delay,3
0.0,589.53,0.0,normal_delay,3
3.0,1013.24,0.002960799020962457,normal_delay,3
32.0,614.1,0.05210877707213809,normal_delay,3
43.0,614.1,0.07002116919068556,normal_delay,3
32.0,614.1,0.05210877707213809,normal_delay,3
90.0,2175.6,0.04136789851075565,normal_delay,3
68.0,1518.24,0.0447887027083992,normal_delay,3
41.0,996.53,0.041142765395923854,normal_delay,3
40.0,614.1,0.06513597134017261,normal_delay,3
33.0,614.1,0.0537371763556424,normal_delay,3
5.0,841.37,0.0059426887100799885,normal_delay,3
0.0,614.1,0.0,normal_delay,3
9.0,841.37,0.01069683967814398,normal_delay,3
23.0,614.1,0.03745318352059925,normal_delay,3
6.0,614.1,0.009770395701025891,normal_delay,3
14.0,1289.6,0.010856079404466501,normal_delay,3
19.0,1017.17,0.01867927681705123,normal_delay,3
1.0,996.53,0.0010034820828274111,normal_delay,3
25.0,614.1,0.04070998208760788,normal_delay,3
21.0,614.1,0.03419638495359062,normal_delay,3
20.0,614.1,0.03256798567008631,normal_delay,3
21.0,614.1,0.03419638495359062,normal_delay,3
16.0,614.1,0.026054388536069045,normal_delay,3
59.0,2196.24,0.026864094998725097,normal_delay,3
0.0,1332.96,0.0,normal_delay,3
0.0,614.1,0.0,normal_delay,3
81.0,2222.24,0.03644970840233278,normal_delay,3
15.0,841.37,0.017828066130239965,normal_delay,3
40.0,614.1,0.06513597134017261,normal_delay,3
33.0,614.1,0.0537371763556424,normal_delay,3
0.0,841.37,0.0,normal_delay,3
11.0,614.1,0.017912392118547466,normal_delay,3
8.0,614.1,0.013027194268034522,normal_delay,3
58.0,1053.24,0.0550681705973947,normal_delay,3
11.0,443.3,0.024813895781637715,normal_delay,3
0.0,443.3,0.0,normal_delay,3
16.0,1407.6,0.011366865586814436,normal_delay,3
43.0,1050.6,0.04092899295640587,normal_delay,3
40.0,614.1,0.06513597134017261,normal_delay,3
8.0,614.1,0.013027194268034522,normal_delay,3
0.0,589.53,0.0,normal_delay,3
0.0,614.1,0.0,normal_delay,3
133.0,3812.24,0.0348876251232871,normal_delay,3
26.0,1794.53,0.014488473304987936,normal_delay,3
62.0,1404.24,0.04415199680966216,normal_delay,3
34.0,1497.6,0.022702991452991456,normal_delay,3
17.0,614.1,0.027682787819573357,normal_delay,3
0.0,614.1,0.0,normal_delay,3
0.0,614.1,0.0,normal_delay,3
100.0,1541.44,0.06487440315549096,normal_delay,3
10.0,900.44,0.011105681666740704,normal_delay,3
27.0,610.17,0.04424996312503073,normal_delay,3
0.0,614.1,0.0,normal_delay,3
0.0,614.1,0.0,normal_delay,3
152.0,2472.64,0.06147275786204219,normal_delay,3
36.0,861.8,0.04177303318635414,normal_delay,3
11.0,610.17,0.01802776275464215,normal_delay,3
0.0,614.1,0.0,normal_delay,3
0.0,614.1,0.0,normal_delay,3
0.0,1289.6,0.0,normal_delay,3
0.0,614.1,0.0,normal_delay,3
0.0,614.1,0.0,normal_delay,3
69.0,3087.6,0.022347454333462885,normal_delay,3
3.0,1794.53,0.0016717469198063003,normal_delay,3
3.0,861.8,0.0034810860988628454,normal_delay,3
0.0,589.53,0.0,normal_delay,3
0.0,614.1,0.0,normal_delay,3
78.0,1754.6,0.04445457654166192,normal_delay,3
0.0,820.73,0.0,normal_delay,3
0.0,878.36,0.0,normal_delay,3
0.0,589.53,0.0,normal_delay,3
0.0,614.1,0.0,normal_delay,3
0.0,247.93,0.0,normal_delay,3
0.0,1769.96,0.0,normal_delay,3
37.0,1500.16,0.024664035836177472,normal_delay,3
0.0,1497.6,0.0,normal_delay,3
0.0,589.53,0.0,normal_delay,3
0.0,1794.53,0.0,normal_delay,3
0.0,1386.96,0.0,normal_delay,3
0.0,1310.24,0.0,normal_delay,3
72.0,1834.2,0.03925417075564279,normal_delay,3
7.0,614.1,0.011398794984530206,normal_delay,3
20.0,614.1,0.03256798567008631,normal_delay,3
0.0,614.1,0.0,normal_delay,3
19.0,614.1,0.03093958638658199,normal_delay,3
34.0,614.1,0.055365575639146715,normal_delay,3
39.0,1834.2,0.021262675825973177,normal_delay,3
8.0,614.1,0.013027194268034522,normal_delay,3
34.0,614.1,0.055365575639146715,normal_delay,3
0.0,1386.96,0.0,normal_delay,3
25.0,614.1,0.04070998208760788,normal_delay,3
80.0,1838.13,0.043522492968397226,normal_delay,3
0.0,1386.96,0.0,normal_delay,3
25.0,614.1,0.04070998208760788,normal_delay,3
0.0,614.1,0.0,normal_delay,3
0.0,614.1,0.0,normal_delay,3
0.0,1032.6,0.0,normal_delay,3
25.0,614.1,0.04070998208760788,normal_delay,3
0.0,614.1,0.0,normal_delay,3
40.0,614.1,0.06513597134017261,normal_delay,3
23.0,614.1,0.03745318352059925,normal_delay,3
13.0,614.1,0.0211691906855561,normal_delay,3
0.0,589.53,0.0,normal_delay,3
9.0,614.1,0.014655593551538837,normal_delay,3
0.0,610.17,0.0,normal_delay,3
0.0,614.1,0.0,normal_delay,3
20.0,614.1,0.03256798567008631,normal_delay,3
29.0,614.1,0.047223579221625143,normal_delay,3
0.0,614.1,0.0,normal_delay,3
0.0,614.1,0.0,normal_delay,3
61.0,1854.6,0.03289118947481937,normal_delay,3
0.0,614.1,0.0,normal_delay,3
14.0,2952.96,0.00474100563502384,normal_delay,3
47.0,614.1,0.07653476632470281,normal_delay,3
16.0,614.1,0.026054388536069045,normal_delay,3
10.0,614.1,0.016283992835043153,normal_delay,3
0.0,614.1,0.0,normal_delay,3
42.0,2431.16,0.017275703779265867,normal_delay,3
7.0,614.1,0.011398794984530206,normal_delay,3
0.0,589.53,0.0,normal_delay,3
0.0,614.1,0.0,normal_delay,3
0.0,614.1,0.0,normal_delay,3
0.0,247.93,0.0,normal_delay,3
24.0,1794.53,0.013373975358450403,normal_delay,3
17.0,614.1,0.027682787819573357,normal_delay,3
18.0,614.1,0.029311187103077674,normal_delay,3
0.0,614.1,0.0,normal_delay,3
0.0,614.1,0.0,normal_delay,3
13.0,272.5,0.047706422018348627,normal_delay,3
26.0,2952.96,0.008804724750758561,normal_delay,3
27.0,1017.17,0.026544235476862275,normal_delay,3
25.0,268.57,0.09308560151915701,normal_delay,3
64.0,2151.6,0.02974530581892545,normal_delay,3
0.0,614.1,0.0,normal_delay,3
37.0,3405.17,0.010865830487170979,normal_delay,3
4.0,992.6,0.004029820672980053,normal_delay,3
28.0,610.17,0.04588885064818002,normal_delay,3
0.0,614.1,0.0,normal_delay,3
79.0,2451.8,0.03222122522228567,normal_delay,3
0.0,614.1,0.0,normal_delay,3
0.0,614.1,0.0,normal_delay,3
6.0,1704.44,0.0035202177841402453,normal_delay,3
6.0,610.17,0.009833325138895718,normal_delay,3
0.0,971.96,0.0,normal_delay,3
0.0,992.6,0.0,normal_delay,3
0.0,614.1,0.0,normal_delay,3
71.0,2558.6,0.027749550535449075,normal_delay,3
0.0,614.1,0.0,normal_delay,3
9.0,820.73,0.010965847477245867,normal_delay,3
0.0,1032.6,0.0,normal_delay,3
0.0,610.17,0.0,normal_delay,3
78.0,4291.16,0.0181769032149815,normal_delay,3
0.0,614.1,0.0,normal_delay,3
0.0,614.1,0.0,normal_delay,3
0.0,614.1,0.0,normal_delay,3
64.0,2472.44,0.025885360210965686,normal_delay,3
61.0,614.1,0.09933235629376323,normal_delay,3
0.0,820.73,0.0,normal_delay,3
39.0,2180.96,0.01788203359988262,normal_delay,3
0.0,614.1,0.0,normal_delay,3
0.0,614.1,0.0,normal_delay,3
0.0,614.1,0.0,normal_delay,3
0.0,268.57,0.0,normal_delay,3
0.0,1790.6,0.0,normal_delay,3
147.0,2029.57,0.07242913523554251,normal_delay,3
7.0,820.73,0.00852899248230234,normal_delay,3
0.0,610.17,0.0,normal_delay,3
77.0,2583.17,0.029808336269002814,normal_delay,3
0.0,1386.96,0.0,normal_delay,3
0.0,1011.96,0.0,normal_delay,3
74.0,1500.16,0.049328071672354944,normal_delay,3
11.0,1407.6,0.007814720090934925,normal_delay,3
14.0,1500.16,0.009332337883959044,normal_delay,3
2.0,1407.6,0.0014208581983518045,normal_delay,3
0.0,614.1,0.0,normal_delay,3
33.0,820.73,0.040208107416568176,normal_delay,3
33.0,2005.0,0.016458852867830425,normal_delay,3
0.0,614.1,0.0,normal_delay,3
69.0,2196.24,0.03141733143918698,normal_delay,3
18.0,614.1,0.029311187103077674,normal_delay,3
0.0,589.53,0.0,normal_delay,3
23.0,614.1,0.03745318352059925,normal_delay,3
2.0,443.3,0.004511617414843221,normal_delay,3
79.0,2201.6,0.03588299418604651,normal_delay,3
19.0,614.1,0.03093958638658199,normal_delay,3
30.0,996.53,0.030104462484822334,normal_delay,3
8.0,614.1,0.013027194268034522,normal_delay,3
0.0,589.53,0.0,normal_delay,3
24.0,1790.6,0.01340332849324249,normal_delay,3
0.0,614.1,0.0,normal_delay,3
76.0,1524.73,0.049844890570789585,normal_delay,3
11.0,841.37,0.013073915162175974,normal_delay,3
1.0,614.1,0.0016283992835043153,normal_delay,3
37.0,614.1,0.06025077348965966,normal_delay,3
0.0,614.1,0.0,normal_delay,3
0.0,820.73,0.0,normal_delay,3
36.0,1815.17,0.01983285312119526,normal_delay,3
32.0,610.17,0.052444400740777164,normal_delay,3
20.0,614.1,0.03256798567008631,normal_delay,3
0.0,614.1,0.0,normal_delay,3
0.0,589.53,0.0,normal_delay,3
12.0,614.1,0.019540791402051783,normal_delay,3
0.0,589.53,0.0,normal_delay,3
0.0,614.1,0.0,normal_delay,3
27.0,996.53,0.027094016236340102,normal_delay,3
2.0,610.17,0.0032777750462985727,normal_delay,3
50.0,1683.8,0.029694738092410026,normal_delay,3
0.0,1815.17,0.0,normal_delay,3
15.0,1032.6,0.014526438117373622,normal_delay,3
5.0,996.53,0.005017410414137055,normal_delay,3
9.0,1875.24,0.004799385678633135,normal_delay,3
13.0,996.53,0.013045267076756345,normal_delay,3
0.0,589.53,0.0,normal_delay,3
51.0,2338.8,0.021806054386865056,normal_delay,3
45.0,1353.6,0.03324468085106383,normal_delay,3
0.0,443.3,0.0,normal_delay,3
39.0,1476.96,0.026405589860253494,normal_delay,3
12.0,996.53,0.012041784993928934,normal_delay,3
2.0,996.53,0.0020069641656548223,normal_delay,3
0.0,589.53,0.0,normal_delay,3
0.0,247.93,0.0,normal_delay,3
27.0,1013.24,0.026647191188662114,normal_delay,3
24.0,2151.6,0.011154489682097044,normal_delay,3
40.0,1497.6,0.02670940170940171,normal_delay,3
38.0,614.1,0.06187917277316398,normal_delay,3
0.0,996.53,0.0,normal_delay,3
0.0,816.8,0.0,normal_delay,3
53.0,1017.17,0.05210535112124817,normal_delay,3
43.0,614.1,0.07002116919068556,normal_delay,3
3.0,614.1,0.004885197850512946,normal_delay,3
0.0,589.53,0.0,normal_delay,3
0.0,589.53,0.0,normal_delay,3
0.0,610.17,0.0,normal_delay,3
0.0,589.53,0.0,normal_delay,3
163.0,2452.0,0.0664763458401305,normal_delay,3
119.0,3401.24,0.03498723994778375,normal_delay,3
110.0,2476.57,0.0444162692756514,normal_delay,3
17.0,1404.24,0.012106192673617046,normal_delay,3
41.0,614.1,0.06676437062367692,normal_delay,3
31.0,614.1,0.05048037778863377,normal_delay,3
0.0,589.53,0.0,normal_delay,3
8.0,1794.53,0.004457991786150134,normal_delay,3
90.0,4317.17,0.020846990042087756,normal_delay,3
33.0,614.1,0.0537371763556424,normal_delay,3
23.0,614.1,0.03745318352059925,normal_delay,3
13.0,614.1,0.0211691906855561,normal_delay,3
0.0,796.16,0.0,normal_delay,3
4.0,614.1,0.006513597134017261,normal_delay,3
0.0,1497.6,0.0,normal_delay,3
36.0,614.1,0.05862237420615535,normal_delay,3
0.0,589.53,0.0,normal_delay,3
42.0,1310.24,0.03205519599462694,normal_delay,3
29.0,614.1,0.047223579221625143,normal_delay,3
0.0,614.1,0.0,normal_delay,3
71.0,1541.44,0.04606082624039859,normal_delay,3
0.0,1516.8,0.0,normal_delay,3
40.0,1815.17,0.022036503467994732,normal_delay,3
20.0,614.1,0.03256798567008631,normal_delay,3
20.0,614.1,0.03256798567008631,normal_delay,3
117.0,2196.24,0.053272866353404,normal_delay,3
32.0,2452.0,0.013050570962479609,normal_delay,3
42.0,1545.37,0.02717795738237445,normal_delay,3
21.0,1017.17,0.02064551648200399,normal_delay,3
1.0,614.1,0.0016283992835043153,normal_delay,3
0.0,247.93,0.0,normal_delay,3
11.0,614.1,0.017912392118547466,normal_delay,3
0.0,614.1,0.0,normal_delay,3
0.0,1362.96,0.0,normal_delay,3
9.0,614.1,0.014655593551538837,normal_delay,3
0.0,614.1,0.0,normal_delay,3
126.0,3812.24,0.033051434327324616,normal_delay,3
18.0,610.17,0.029499975416687155,normal_delay,3
0.0,614.1,0.0,normal_delay,3
73.0,1545.37,0.04723787830746035,normal_delay,3
37.0,1017.17,0.036375433801626084,normal_delay,3
18.0,272.5,0.06605504587155964,normal_delay,3
74.0,841.37,0.08795179290918383,normal_delay,3
32.0,1794.53,0.017831967144600537,normal_delay,3
40.0,1017.17,0.03932479329905522,normal_delay,3
77.0,1838.13,0.041890399482082334,normal_delay,3
25.0,816.8,0.030607247796278162,normal_delay,3
4.0,1289.6,0.003101736972704715,normal_delay,3
21.0,614.1,0.03419638495359062,normal_delay,3
17.0,614.1,0.027682787819573357,normal_delay,3
0.0,589.53,0.0,normal_delay,3
0.0,614.1,0.0,normal_delay,3
0.0,1310.24,0.0,normal_delay,3
25.0,614.1,0.04070998208760788,normal_delay,3
0.0,272.5,0.0,normal_delay,3
0.0,614.1,0.0,normal_delay,3
8.0,614.1,0.013027194268034522,normal_delay,3
0.0,614.1,0.0,normal_delay,3
58.0,3384.53,0.017136795950988763,normal_delay,3
37.0,1794.53,0.02061821201094437,normal_delay,3
30.0,2973.6,0.010088781275221953,normal_delay,3
0.0,614.1,0.0,normal_delay,3
48.0,1383.6,0.034692107545533396,normal_delay,3
7.0,1017.17,0.006881838827334664,normal_delay,3
45.0,614.1,0.07327796775769418,normal_delay,3
37.0,614.1,0.06025077348965966,normal_delay,3
6.0,614.1,0.009770395701025891,normal_delay,3
40.0,2562.53,0.015609573351336373,normal_delay,3
40.0,1017.17,0.03932479329905522,normal_delay,3
59.0,882.44,0.06686006980644577,normal_delay,3
27.0,614.1,0.04396678065461651,normal_delay,3
7.0,614.1,0.011398794984530206,normal_delay,3
0.0,614.1,0.0,normal_delay,3
30.0,1854.6,0.016175994823681657,normal_delay,3
10.0,1013.24,0.009869330069874857,normal_delay,3
12.0,992.6,0.012089462018940157,normal_delay,3
6.0,610.17,0.009833325138895718,normal_delay,3
0.0,614.1,0.0,normal_delay,3
49.0,2154.96,0.022738241081040948,normal_delay,3
36.0,1790.6,0.020104992739863735,normal_delay,3
18.0,1769.96,0.01016972134963502,normal_delay,3
45.0,882.44,0.05099496849644168,normal_delay,3
19.0,614.1,0.03093958638658199,normal_delay,3
0.0,589.53,0.0,normal_delay,3
0.0,796.16,0.0,normal_delay,3
1.0,992.6,0.0010074551682450132,normal_delay,3
0.0,820.73,0.0,normal_delay,3
0.0,610.17,0.0,normal_delay,3
0.0,614.1,0.0,normal_delay,3
21.0,861.8,0.024367602692039917,normal_delay,3
0.0,796.16,0.0,normal_delay,3
0.0,610.17,0.0,normal_delay,3
0.0,614.1,0.0,normal_delay,3
0.0,614.1,0.0,normal_delay,3
0.0,272.5,0.0,normal_delay,3
39.0,820.73,0.04751867240139875,normal_delay,3
0.0,589.53,0.0,normal_delay,3
12.0,614.1,0.019540791402051783,normal_delay,3
43.0,1794.44,0.023962907648068476,normal_delay,3
34.0,614.1,0.055365575639146715,normal_delay,3
0.0,589.53,0.0,normal_delay,3
35.0,2151.6,0.016266964119724857,normal_delay,3
0.0,1268.96,0.0,normal_delay,3
17.0,614.1,0.027682787819573357,normal_delay,3
2.0,614.1,0.0032567985670086306,normal_delay,3
0.0,614.1,0.0,normal_delay,3
0.0,614.1,0.0,normal_delay,3
0.0,614.1,0.0,normal_delay,3
15.0,614.1,0.024425989252564728,normal_delay,3
73.0,1854.6,0.039361587404292034,normal_delay,3
33.0,2130.96,0.015485978150692645,normal_delay,3
5.0,614.1,0.008141996417521577,normal_delay,3
0.0,1407.6,0.0,normal_delay,3
35.0,614.1,0.056993974922651035,normal_delay,3
6.0,2180.96,0.002751082092289634,normal_delay,3
43.0,614.1,0.07002116919068556,normal_delay,3
32.0,614.1,0.05210877707213809,normal_delay,3
18.0,614.1,0.029311187103077674,normal_delay,3
1.0,614.1,0.0016283992835043153,normal_delay,3
11.0,996.53,0.011038302911101522,normal_delay,3
4.0,443.3,0.009023234829686443,normal_delay,3
57.0,1374.24,0.04147747118407265,normal_delay,3
17.0,1407.6,0.01207729468599034,normal_delay,3
0.0,1332.96,0.0,normal_delay,3
40.0,443.3,0.09023234829686443,normal_delay,3
0.0,614.1,0.0,normal_delay,3
53.0,2154.96,0.024594424026432044,normal_delay,3
0.0,1769.96,0.0,normal_delay,3
0.0,996.53,0.0,normal_delay,3
36.0,1374.24,0.02619629758994062,normal_delay,3
4.0,1407.6,0.002841716396703609,normal_delay,3
33.0,820.73,0.040208107416568176,normal_delay,3
101.0,1545.37,0.06535651656237665,normal_delay,3
29.0,2583.17,0.011226516257156904,normal_delay,3
3.0,1428.24,0.002100487313056629,normal_delay,3
0.0,614.1,0.0,normal_delay,3
0.0,614.1,0.0,normal_delay,3
9.0,2154.96,0.00417641162712997,normal_delay,3
0.0,1407.6,0.0,normal_delay,3
0.0,614.1,0.0,normal_delay,3
0.0,614.1,0.0,normal_delay,3
29.0,1683.8,0.017222948093597815,normal_delay,3
16.0,1524.73,0.010493661172797807,normal_delay,3
41.0,2583.17,0.01587197126011838,normal_delay,3
34.0,2175.6,0.015627872770729915,normal_delay,3
0.0,614.1,0.0,normal_delay,3
0.0,614.1,0.0,normal_delay,3
0.0,247.93,0.0,normal_delay,3
42.0,2025.64,0.020734187713512764,normal_delay,3
95.0,1545.37,0.06147395122203744,normal_delay,3
0.0,1332.96,0.0,normal_delay,3
4.0,614.1,0.006513597134017261,normal_delay,3
0.0,610.17,0.0,normal_delay,3
0.0,589.53,0.0,normal_delay,3
0.0,614.1,0.0,normal_delay,3
0.0,1407.6,0.0,normal_delay,3
0.0,614.1,0.0,normal_delay,3
48.0,1875.24,0.02559672361937672,normal_delay,3
0.0,614.1,0.0,normal_delay,3
88.0,2583.17,0.0340666700217175,normal_delay,3
0.0,1386.96,0.0,normal_delay,3
5.0,899.0,0.0055617352614015575,normal_delay,3
0.0,614.1,0.0,normal_delay,3
4.0,3063.44,0.0013057216723683178,normal_delay,3
11.0,443.3,0.024813895781637715,normal_delay,3
19.0,996.53,0.019066159573720813,normal_delay,3
63.0,3277.93,0.01921944641892902,normal_delay,3
9.0,3023.6,0.002976584204259823,normal_delay,3
11.0,841.37,0.013073915162175974,normal_delay,3
0.0,614.1,0.0,normal_delay,3
264.0,5252.37,0.05026302412053987,normal_delay,3
0.0,1332.96,0.0,normal_delay,3
0.0,589.53,0.0,normal_delay,3
7.0,1790.6,0.003909304143862393,normal_delay,3
36.0,2175.6,0.01654715940430226,normal_delay,3
23.0,816.8,0.028158667972575907,normal_delay,3
56.0,1854.6,0.030195190337539094,normal_delay,3
70.0,2432.8,0.028773429792831304,normal_delay,3
28.0,1353.6,0.020685579196217496,normal_delay,3
86.0,2452.0,0.03507340946166395,normal_delay,3
39.0,1815.17,0.021485590881294866,normal_delay,3
21.0,1520.8,0.013808521830615466,normal_delay,3
20.0,816.8,0.02448579823702253,normal_delay,3
0.0,796.16,0.0,normal_delay,3
0.0,614.1,0.0,normal_delay,3
38.0,1815.17,0.020934678294594996,normal_delay,3
15.0,1353.6,0.011081560283687944,normal_delay,3
0.0,1017.17,0.0,normal_delay,3
0.0,614.1,0.0,normal_delay,3
31.0,1815.17,0.017078290187695917,normal_delay,3
54.0,1017.17,0.05308847095372455,normal_delay,3
13.0,1353.6,0.00960401891252955,normal_delay,3
0.0,1353.6,0.0,normal_delay,3
3.0,837.44,0.0035823461979365683,normal_delay,3
0.0,589.53,0.0,normal_delay,3
37.0,1518.24,0.02437032353251133,normal_delay,3
33.0,614.1,0.0537371763556424,normal_delay,3
0.0,614.1,0.0,normal_delay,3
47.0,614.1,0.07653476632470281,normal_delay,3
28.0,610.17,0.04588885064818002,normal_delay,3
108.0,2172.24,0.04971826317533975,normal_delay,3
16.0,1289.6,0.01240694789081886,normal_delay,3
25.0,610.17,0.04097218807873216,normal_delay,3
25.0,614.1,0.04070998208760788,normal_delay,3
37.0,614.1,0.06025077348965966,normal_delay,3
48.0,1497.6,0.032051282051282055,normal_delay,3
17.0,614.1,0.027682787819573357,normal_delay,3
16.0,614.1,0.026054388536069045,normal_delay,3
0.0,1497.6,0.0,normal_delay,3
6.0,1428.24,0.004200974626113258,normal_delay,3
18.0,882.44,0.02039798739857667,normal_delay,3
21.0,610.17,0.034416637986135014,normal_delay,3
15.0,614.1,0.024425989252564728,normal_delay,3
5.0,614.1,0.008141996417521577,normal_delay,3
67.0,1053.24,0.06361323155216285,normal_delay,3
16.0,1497.6,0.010683760683760684,normal_delay,3
42.0,614.1,0.06839276990718124,normal_delay,3
19.0,614.1,0.03093958638658199,normal_delay,3
7.0,610.17,0.011472212662045005,normal_delay,3
0.0,589.53,0.0,normal_delay,3
11.0,268.57,0.04095766466842909,normal_delay,3
15.0,1518.24,0.009879860891558647,normal_delay,3
16.0,882.44,0.018131544354290374,normal_delay,3
37.0,614.1,0.06025077348965966,normal_delay,3
7.0,610.17,0.011472212662045005,normal_delay,3
2.0,268.57,0.007446848121532562,normal_delay,3
11.0,1383.6,0.007950274645851402,normal_delay,3
0.0,1268.96,0.0,normal_delay,3
1.0,614.1,0.0016283992835043153,normal_delay,3
31.0,2340.24,0.013246504632003556,normal_delay,3
60.0,1017.17,0.05898718994858283,normal_delay,3
31.0,614.1,0.05048037778863377,normal_delay,3
31.0,614.1,0.05048037778863377,normal_delay,3
17.0,614.1,0.027682787819573357,normal_delay,3
2.0,614.1,0.0032567985670086306,normal_delay,3
50.0,1838.13,0.027201558105248266,normal_delay,3
38.0,614.1,0.06187917277316398,normal_delay,3
35.0,614.1,0.056993974922651035,normal_delay,3
3.0,614.1,0.004885197850512946,normal_delay,3
2.0,614.1,0.0032567985670086306,normal_delay,3
0.0,614.1,0.0,normal_delay,3
0.0,614.1,0.0,normal_delay,3
0.0,971.96,0.0,normal_delay,3
4.0,610.17,0.0065555500925971455,normal_delay,3
4.0,1289.6,0.003101736972704715,normal_delay,3
7.0,614.1,0.011398794984530206,normal_delay,3
0.0,614.1,0.0,normal_delay,3
0.0,614.1,0.0,normal_delay,3
67.0,1813.56,0.03694391142283685,normal_delay,3
0.0,614.1,0.0,normal_delay,3
0.0,272.5,0.0,normal_delay,3
0.0,614.1,0.0,normal_delay,3
0.0,861.8,0.0,normal_delay,3
70.0,2472.44,0.02831211273074372,normal_delay,3
0.0,2154.96,0.0,normal_delay,3
27.0,1017.17,0.026544235476862275,normal_delay,3
33.0,996.53,0.03311490873330457,normal_delay,3
8.0,820.73,0.009747419979774104,normal_delay,3
0.0,589.53,0.0,normal_delay,3
0.0,268.57,0.0,normal_delay,3
22.0,614.1,0.03582478423709493,normal_delay,3
0.0,861.8,0.0,normal_delay,3
31.0,614.1,0.05048037778863377,normal_delay,3
0.0,820.73,0.0,normal_delay,3
10.0,614.1,0.016283992835043153,normal_delay,3
19.0,614.1,0.03093958638658199,normal_delay,3
18.0,614.1,0.029311187103077674,normal_delay,3
12.0,614.1,0.019540791402051783,normal_delay,3
40.0,614.1,0.06513597134017261,normal_delay,3
15.0,614.1,0.024425989252564728,normal_delay,3
0.0,614.1,0.0,normal_delay,3
19.0,614.1,0.03093958638658199,normal_delay,3
0.0,589.53,0.0,normal_delay,3
0.0,614.1,0.0,normal_delay,3
0.0,589.53,0.0,normal_delay,3
22.0,1407.6,0.01562944018186985,normal_delay,3
34.0,1013.24,0.03355572223757451,normal_delay,3
6.0,614.1,0.009770395701025891,normal_delay,3
2.0,614.1,0.0032567985670086306,normal_delay,3
0.0,268.57,0.0,normal_delay,3
66.0,841.37,0.07844349097305585,normal_delay,3
13.0,1017.17,0.012780557822192947,normal_delay,3
0.0,614.1,0.0,normal_delay,3
28.0,614.1,0.045595179938120824,normal_delay,3
0.0,614.1,0.0,normal_delay,3
0.0,614.1,0.0,normal_delay,3
0.0,1032.6,0.0,normal_delay,3
5.0,614.1,0.008141996417521577,normal_delay,3
2.0,614.1,0.0032567985670086306,normal_delay,3
0.0,614.1,0.0,normal_delay,3
61.0,1604.44,0.0380194958988806,normal_delay,3
0.0,1017.17,0.0,normal_delay,3
0.0,820.73,0.0,normal_delay,3
12.0,614.1,0.019540791402051783,normal_delay,3
4.0,614.1,0.006513597134017261,normal_delay,3
61.0,3806.96,0.01602328366990985,normal_delay,3
0.0,1032.6,0.0,normal_delay,3
23.0,614.1,0.03745318352059925,normal_delay,3
0.0,614.1,0.0,normal_delay,3
43.0,614.1,0.07002116919068556,normal_delay,3
0.0,796.16,0.0,normal_delay,3
0.0,614.1,0.0,normal_delay,3
0.0,1268.96,0.0,normal_delay,3
0.0,1069.8,0.0,normal_delay,3
15.0,614.1,0.024425989252564728,normal_delay,3
0.0,614.1,0.0,normal_delay,3
47.0,1069.8,0.04393344550383249,normal_delay,3
59.0,841.37,0.07012372677894387,normal_delay,3
0.0,992.6,0.0,normal_delay,3
15.0,443.3,0.03383713061132416,normal_delay,3
0.0,614.1,0.0,normal_delay,3
0.0,614.1,0.0,normal_delay,3
69.0,2175.6,0.031715388858246,normal_delay,3
44.0,1754.6,0.025076940613245186,normal_delay,3
44.0,816.8,0.05386875612144956,normal_delay,3
0.0,443.3,0.0,normal_delay,3
31.0,837.44,0.03701757737867787,normal_delay,3
0.0,614.1,0.0,normal_delay,3
19.0,816.8,0.0232615083251714,normal_delay,3
18.0,841.37,0.02139367935628796,normal_delay,3
0.0,614.1,0.0,normal_delay,3
0.0,610.17,0.0,normal_delay,3
0.0,614.1,0.0,normal_delay,3
69.0,1524.73,0.04525391380769054,normal_delay,3
5.0,1790.6,0.002792360102758852,normal_delay,3
78.0,2222.24,0.03509971920224639,normal_delay,3
19.0,2952.96,0.006434221933246641,normal_delay,3
46.0,1310.24,0.03510807180363903,normal_delay,3
49.0,841.37,0.058238349358783886,normal_delay,3
15.0,1583.8,0.009470892789493623,normal_delay,3
49.0,614.1,0.07979156489171145,normal_delay,3
5.0,1524.73,0.0032792691164993146,normal_delay,3
31.0,841.37,0.03684467000249593,normal_delay,3
39.0,1754.6,0.02222728827083096,normal_delay,3
0.0,1496.16,0.0,normal_delay,3
14.0,820.73,0.01705798496460468,normal_delay,3
5.0,816.8,0.006121449559255632,normal_delay,3
0.0,614.1,0.0,normal_delay,3
0.0,247.93,0.0,normal_delay,3
0.0,614.1,0.0,normal_delay,3
0.0,614.1,0.0,normal_delay,3
1.0,614.1,0.0016283992835043153,normal_delay,3
9.0,841.37,0.01069683967814398,normal_delay,3
47.0,2537.96,0.018518810383142365,normal_delay,3
13.0,614.1,0.0211691906855561,normal_delay,3
0.0,2562.53,0.0,normal_delay,3
4.0,1289.6,0.003101736972704715,normal_delay,3
74.0,1374.24,0.053847945045989054,normal_delay,3
30.0,1374.24,0.021830247991617185,normal_delay,3
24.0,1407.6,0.017050298380221655,normal_delay,3
0.0,443.3,0.0,normal_delay,3
149.0,5000.53,0.02979684153479731,normal_delay,3
0.0,1386.96,0.0,normal_delay,3
40.0,614.1,0.06513597134017261,normal_delay,3
38.0,614.1,0.06187917277316398,normal_delay,3
32.0,614.1,0.05210877707213809,normal_delay,3
32.0,614.1,0.05210877707213809,normal_delay,3
0.0,614.1,0.0,normal_delay,3
23.0,2558.6,0.008989291018525757,normal_delay,3
29.0,443.3,0.06541845251522671,normal_delay,3
45.0,1476.96,0.030467988300292494,normal_delay,3
85.0,1985.8,0.042803907744989426,normal_delay,3
13.0,614.1,0.0211691906855561,normal_delay,3
0.0,614.1,0.0,normal_delay,3
30.0,2537.96,0.011820517265835552,normal_delay,3
18.0,1769.96,0.01016972134963502,normal_delay,3
25.0,614.1,0.04070998208760788,normal_delay,3
0.0,614.1,0.0,normal_delay,3
107.0,3405.17,0.03142280708452148,normal_delay,3
60.0,2432.8,0.02466293982242683,normal_delay,3
0.0,589.53,0.0,normal_delay,3
10.0,614.1,0.016283992835043153,normal_delay,3
142.0,3852.17,0.036862339927884805,normal_delay,3
19.0,1497.6,0.012686965811965812,normal_delay,3
2.0,816.8,0.002448579823702253,normal_delay,3
0.0,614.1,0.0,normal_delay,3
0.0,614.1,0.0,normal_delay,3
0.0,247.93,0.0,normal_delay,3
34.0,1476.96,0.02302025782688766,normal_delay,3
27.0,1794.53,0.015045722278256703,normal_delay,3
0.0,614.1,0.0,normal_delay,3
120.0,3405.17,0.035240531309743715,normal_delay,3
68.0,3384.53,0.02009141594253855,normal_delay,3
68.0,2579.24,0.02636435539151068,normal_delay,3
13.0,1815.17,0.007161863627098288,normal_delay,3
0.0,589.53,0.0,normal_delay,3
0.0,1362.96,0.0,normal_delay,3
15.0,1794.53,0.008358734599031501,normal_delay,3
25.0,2172.24,0.01150885721651383,normal_delay,3
8.0,1815.17,0.004407300693598947,normal_delay,3
36.0,1404.24,0.025636643308836096,normal_delay,3
0.0,1407.6,0.0,normal_delay,3
0.0,1407.6,0.0,normal_delay,3
0.0,1374.24,0.0,normal_delay,3
52.0,1794.53,0.028976946609975872,normal_delay,3
39.0,2359.44,0.01652934594649578,normal_delay,3
1.0,1811.24,0.0005521079481460215,normal_delay,3
0.0,614.1,0.0,normal_delay,3
27.0,610.17,0.04424996312503073,normal_delay,3
15.0,610.17,0.024583312847239296,normal_delay,3
11.0,610.17,0.01802776275464215,normal_delay,3
42.0,1815.17,0.02313832864139447,normal_delay,3
7.0,610.17,0.011472212662045005,normal_delay,3
0.0,589.53,0.0,normal_delay,3
6.0,272.5,0.022018348623853212,normal_delay,3
18.0,1794.53,0.010030481518837802,normal_delay,3
51.0,992.6,0.051380213580495666,normal_delay,3
0.0,610.17,0.0,normal_delay,3
0.0,589.53,0.0,normal_delay,3
1.0,861.8,0.0011603620329542817,normal_delay,3
0.0,1386.96,0.0,normal_delay,3
18.0,992.6,0.018134193028410236,normal_delay,3
37.0,614.1,0.06025077348965966,normal_delay,3
0.0,272.5,0.0,normal_delay,3
24.0,1353.6,0.01773049645390071,normal_delay,3
23.0,882.44,0.026064095009292416,normal_delay,3
0.0,614.1,0.0,normal_delay,3
60.0,2973.6,0.020177562550443905,normal_delay,3
52.0,2472.64,0.021030154005435488,normal_delay,3
48.0,614.1,0.07816316560820713,normal_delay,3
0.0,882.44,0.0,normal_delay,3
15.0,614.1,0.024425989252564728,normal_delay,3
0.0,1029.96,0.0,normal_delay,3
19.0,614.1,0.03093958638658199,normal_delay,3
0.0,614.1,0.0,normal_delay,3
45.0,614.1,0.07327796775769418,normal_delay,3
33.0,614.1,0.0537371763556424,normal_delay,3
0.0,614.1,0.0,normal_delay,3
2.0,268.57,0.007446848121532562,normal_delay,3
0.0,614.1,0.0,normal_delay,3
0.0,614.1,0.0,normal_delay,3
94.0,2172.24,0.043273303134092,normal_delay,3
99.0,1545.37,0.06406232811559692,normal_delay,3
0.0,589.53,0.0,normal_delay,3
99.0,2973.6,0.033292978208232446,normal_delay,3
0.0,1386.96,0.0,normal_delay,3
0.0,614.1,0.0,normal_delay,3
0.0,614.1,0.0,normal_delay,3
26.0,820.73,0.03167911493426583,normal_delay,3
1.0,614.1,0.0016283992835043153,normal_delay,3
0.0,589.53,0.0,normal_delay,3
51.0,1428.24,0.03570828432196269,normal_delay,3
27.0,1545.37,0.017471544031526433,normal_delay,3
0.0,614.1,0.0,normal_delay,3
0.0,272.5,0.0,normal_delay,3
33.0,1013.24,0.03256878923058703,normal_delay,3
34.0,614.1,0.055365575639146715,normal_delay,3
19.0,614.1,0.03093958638658199,normal_delay,3
38.0,614.1,0.06187917277316398,normal_delay,3
0.0,1011.96,0.0,normal_delay,3
35.0,614.1,0.056993974922651035,normal_delay,3
0.0,614.1,0.0,normal_delay,3
37.0,614.1,0.06025077348965966,normal_delay,3
32.0,614.1,0.05210877707213809,normal_delay,3
12.0,614.1,0.019540791402051783,normal_delay,3
0.0,614.1,0.0,normal_delay,3
23.0,614.1,0.03745318352059925,normal_delay,3
28.0,614.1,0.045595179938120824,normal_delay,3
0.0,1011.96,0.0,normal_delay,3
6.0,614.1,0.009770395701025891,normal_delay,3
0.0,614.1,0.0,normal_delay,3
54.0,1518.24,0.03556749920961113,normal_delay,3
10.0,614.1,0.016283992835043153,normal_delay,3
0.0,614.1,0.0,normal_delay,3
41.0,1518.24,0.027004953103593635,normal_delay,3
31.0,610.17,0.05080551321762788,normal_delay,3
0.0,614.1,0.0,normal_delay,3
44.0,2154.96,0.020418012399302073,normal_delay,3
17.0,1383.6,0.012286788089043077,normal_delay,3
22.0,1069.8,0.020564591512432232,normal_delay,3
21.0,996.53,0.021073123739375633,normal_delay,3
36.0,1518.24,0.023711666139740753,normal_delay,3
22.0,1769.96,0.01242965942733169,normal_delay,3
18.0,996.53,0.0180626774908934,normal_delay,3
10.0,614.1,0.016283992835043153,normal_delay,3
0.0,614.1,0.0,normal_delay,3
0.0,820.73,0.0,normal_delay,3
0.0,614.1,0.0,normal_delay,3
34.0,1518.24,0.0223943513541996,normal_delay,3
33.0,996.53,0.03311490873330457,normal_delay,3
0.0,971.96,0.0,normal_delay,3
19.0,610.17,0.03113886293983644,normal_delay,3
30.0,1603.0,0.018714909544603867,normal_delay,3
39.0,443.3,0.0879765395894428,normal_delay,3
6.0,610.17,0.009833325138895718,normal_delay,3
0.0,996.53,0.0,normal_delay,3
25.0,614.1,0.04070998208760788,normal_delay,3
21.0,614.1,0.03419638495359062,normal_delay,3
22.0,443.3,0.04962779156327543,normal_delay,3
17.0,443.3,0.03834874802616738,normal_delay,3
0.0,614.1,0.0,normal_delay,3
21.0,2558.6,0.008207613538653952,normal_delay,3
0.0,1838.13,0.0,normal_delay,3
10.0,614.1,0.016283992835043153,normal_delay,3
42.0,1790.6,0.023455824863174355,normal_delay,3
16.0,1289.6,0.01240694789081886,normal_delay,3
19.0,614.1,0.03093958638658199,normal_delay,3
2.0,614.1,0.0032567985670086306,normal_delay,3
0.0,614.1,0.0,normal_delay,3
0.0,614.1,0.0,normal_delay,3
26.0,841.37,0.03090198129241594,normal_delay,3
16.0,614.1,0.026054388536069045,normal_delay,3
0.0,614.1,0.0,normal_delay,3
59.0,3384.53,0.01743225795014374,normal_delay,3
0.0,1582.36,0.0,normal_delay,3
10.0,996.53,0.01003482082827411,normal_delay,3
0.0,1383.6,0.0,normal_delay,3
0.0,971.96,0.0,normal_delay,3
0.0,614.1,0.0,normal_delay,3
0.0,614.1,0.0,normal_delay,3
0.0,589.53,0.0,normal_delay,3
58.0,3399.96,0.017059024223814397,normal_delay,3
43.0,614.1,0.07002116919068556,normal_delay,3
4.0,614.1,0.006513597134017261,normal_delay,3
0.0,614.1,0.0,normal_delay,3
32.0,614.1,0.05210877707213809,normal_delay,3
0.0,614.1,0.0,normal_delay,3
0.0,614.1,0.0,normal_delay,3
8.0,1854.6,0.004313598619648442,normal_delay,3
0.0,1790.6,0.0,normal_delay,3
22.0,614.1,0.03582478423709493,normal_delay,3
0.0,589.53,0.0,normal_delay,3
0.0,614.1,0.0,normal_delay,3
26.0,614.1,0.0423383813711122,normal_delay,3
0.0,614.1,0.0,normal_delay,3
0.0,614.1,0.0,normal_delay,3
0.0,614.1,0.0,normal_delay,3
71.0,1834.2,0.03870897393959219,normal_delay,3
35.0,996.53,0.03512187289895939,normal_delay,3
2.0,614.1,0.0032567985670086306,normal_delay,3
106.0,2455.93,0.04316083927473503,normal_delay,3
41.0,2130.96,0.01924015467207268,normal_delay,3
30.0,443.3,0.06767426122264832,normal_delay,3
0.0,614.1,0.0,normal_delay,3
0.0,1362.96,0.0,normal_delay,3
0.0,1289.6,0.0,normal_delay,3
9.0,614.1,0.014655593551538837,normal_delay,3
92.0,3384.53,0.027182503922258038,normal_delay,3
20.0,992.6,0.02014910336490026,normal_delay,3
0.0,614.1,0.0,normal_delay,3
0.0,614.1,0.0,normal_delay,3
0.0,443.3,0.0,normal_delay,3
87.0,2222.24,0.039149686802505586,normal_delay,3
0.0,614.1,0.0,normal_delay,3
34.0,1790.6,0.018988048698760192,normal_delay,3
30.0,614.1,0.048851978505129456,normal_delay,3
97.0,2583.17,0.03755076127393861,normal_delay,3
43.0,2583.17,0.016646213760611962,normal_delay,3
51.0,614.1,0.08304836345872008,normal_delay,3
15.0,816.8,0.018364348677766897,normal_delay,3
31.0,614.1,0.05048037778863377,normal_delay,3
40.0,2558.6,0.015633549597436097,normal_delay,3
29.0,1794.53,0.016160220224794235,normal_delay,3
0.0,1407.6,0.0,normal_delay,3
0.0,589.53,0.0,normal_delay,3
174.0,4296.53,0.04049779705948754,normal_delay,3
39.0,1497.6,0.026041666666666668,normal_delay,3
7.0,1516.8,0.0046149789029535865,normal_delay,3
0.0,614.1,0.0,normal_delay,3
68.0,1754.6,0.038755271856833466,normal_delay,3
0.0,1497.6,0.0,normal_delay,3
4.0,614.1,0.006513597134017261,normal_delay,3
0.0,589.53,0.0,normal_delay,3
90.0,3384.53,0.02659157992394808,normal_delay,3
14.0,1310.24,0.010685065331542313,normal_delay,3
0.0,1268.96,0.0,normal_delay,3
28.0,610.17,0.04588885064818002,normal_delay,3
0.0,796.16,0.0,normal_delay,3
56.0,2562.53,0.021853402691870923,normal_delay,3
52.0,841.37,0.06180396258483188,normal_delay,3
0.0,614.1,0.0,normal_delay,3
25.0,1754.6,0.014248261712071128,normal_delay,3
29.0,841.37,0.034467594518463936,normal_delay,3
31.0,2431.36,0.01275006580679126,normal_delay,3
25.0,816.8,0.030607247796278162,normal_delay,3
4.0,992.6,0.004029820672980053,normal_delay,3
10.0,610.17,0.016388875231492864,normal_delay,3
20.0,2579.24,0.007754222173973729,normal_delay,3
56.0,1965.16,0.02849640741720776,normal_delay,3
0.0,614.1,0.0,normal_delay,3
0.0,610.17,0.0,normal_delay,3
0.0,589.53,0.0,normal_delay,3
28.0,1794.53,0.015602971251525469,normal_delay,3
0.0,1268.96,0.0,normal_delay,3
0.0,589.53,0.0,normal_delay,3
0.0,589.53,0.0,normal_delay,3
59.0,2338.8,0.02522661193774585,normal_delay,3
74.0,1500.16,0.049328071672354944,normal_delay,3
0.0,589.53,0.0,normal_delay,3
48.0,1407.6,0.03410059676044331,normal_delay,3
6.0,1500.16,0.00399957337883959,normal_delay,3
0.0,589.53,0.0,normal_delay,3
14.0,272.5,0.05137614678899083,normal_delay,3
0.0,247.93,0.0,normal_delay,3
27.0,614.1,0.04396678065461651,normal_delay,3
21.0,272.5,0.07706422018348624,normal_delay,3
54.0,1407.6,0.03836317135549872,normal_delay,3
42.0,1428.24,0.029406822382792807,normal_delay,3
5.0,1520.8,0.003287743293003682,normal_delay,3
38.0,614.1,0.06187917277316398,normal_delay,3
3.0,1032.6,0.0029052876234747244,normal_delay,3
2.0,861.8,0.0023207240659085635,normal_delay,3
0.0,589.53,0.0,normal_delay,3
7.0,268.57,0.026063968425363966,normal_delay,3
14.0,1407.6,0.009946007388462632,normal_delay,3
0.0,614.1,0.0,normal_delay,3
34.0,882.44,0.038529531752867045,normal_delay,3
0.0,796.16,0.0,normal_delay,3
0.0,268.57,0.0,normal_delay,3
30.0,614.1,0.048851978505129456,normal_delay,3
20.0,614.1,0.03256798567008631,normal_delay,3
14.0,996.53,0.014048749159583755,normal_delay,3
36.0,614.1,0.05862237420615535,normal_delay,3
0.0,614.1,0.0,normal_delay,3
0.0,272.5,0.0,normal_delay,3
30.0,820.73,0.03655282492415289,normal_delay,3
0.0,971.96,0.0,normal_delay,3
19.0,614.1,0.03093958638658199,normal_delay,3
2.0,614.1,0.0032567985670086306,normal_delay,3
7.0,614.1,0.011398794984530206,normal_delay,3
0.0,614.1,0.0,normal_delay,3
47.0,1815.17,0.02589289157489381,normal_delay,3
0.0,1268.96,0.0,normal_delay,3
29.0,614.1,0.047223579221625143,normal_delay,3
0.0,614.1,0.0,normal_delay,3
44.0,614.1,0.07164956847418986,normal_delay,3
32.0,614.1,0.05210877707213809,normal_delay,3
11.0,992.6,0.011082006850695143,normal_delay,3
20.0,1017.17,0.01966239664952761,normal_delay,3
0.0,589.53,0.0,normal_delay,3
141.0,3127.44,0.04508479778988566,normal_delay,3
45.0,614.1,0.07327796775769418,normal_delay,3
37.0,614.1,0.06025077348965966,normal_delay,3
26.0,610.17,0.042611075601881446,normal_delay,3
0.0,820.73,0.0,normal_delay,3
83.0,1773.8,0.04679219754200023,normal_delay,3
0.0,1386.96,0.0,normal_delay,3
10.0,1017.17,0.009831198324763805,normal_delay,3
19.0,610.17,0.03113886293983644,normal_delay,3
34.0,614.1,0.055365575639146715,normal_delay,3
0.0,614.1,0.0,normal_delay,3
44.0,1524.73,0.028857568225193968,normal_delay,3
0.0,1011.96,0.0,normal_delay,3
0.0,247.93,0.0,normal_delay,3
129.0,2319.6,0.05561303673047077,normal_delay,3
110.0,2196.24,0.05008560084508069,normal_delay,3
0.0,1386.96,0.0,normal_delay,3
0.0,1011.96,0.0,normal_delay,3
0.0,614.1,0.0,normal_delay,3
99.0,2029.57,0.0487788053627123,normal_delay,3
0.0,1815.17,0.0,normal_delay,3
14.0,996.53,0.014048749159583755,normal_delay,3
0.0,1017.17,0.0,normal_delay,3
0.0,614.1,0.0,normal_delay,3
0.0,996.53,0.0,normal_delay,3
0.0,614.1,0.0,normal_delay,3
0.0,1794.53,0.0,normal_delay,3
21.0,996.53,0.021073123739375633,normal_delay,3
0.0,443.3,0.0,normal_delay,3
0.0,589.53,0.0,normal_delay,3
22.0,1404.24,0.015666837577622057,normal_delay,3
62.0,1524.73,0.0406629370445915,normal_delay,3
0.0,1386.96,0.0,normal_delay,3
0.0,614.1,0.0,normal_delay,3
24.0,1310.24,0.018317254854072536,normal_delay,3
0.0,614.1,0.0,normal_delay,3
90.0,1545.37,0.05823848010508811,normal_delay,3
33.0,820.73,0.040208107416568176,normal_delay,3
79.0,1839.57,0.042944818626091966,normal_delay,3
15.0,1815.17,0.008263688800498025,normal_delay,3
5.0,841.37,0.0059426887100799885,normal_delay,3
0.0,816.8,0.0,normal_delay,3
0.0,1362.96,0.0,normal_delay,3
31.0,614.1,0.05048037778863377,normal_delay,3
0.0,1029.96,0.0,normal_delay,3
22.0,614.1,0.03582478423709493,normal_delay,3
97.0,3384.53,0.02865981391803293,normal_delay,3
39.0,614.1,0.0635075720566683,normal_delay,3
0.0,614.1,0.0,normal_delay,3
60.0,1520.8,0.03945291951604419,normal_delay,3
97.0,3380.6,0.02869313139679347,normal_delay,3
65.0,2562.53,0.025365556695921606,normal_delay,3
46.0,1603.0,0.028696194635059263,normal_delay,3
30.0,268.57,0.11170272182298842,normal_delay,3
0.0,1032.6,0.0,normal_delay,3
28.0,610.17,0.04588885064818002,normal_delay,3
8.0,816.8,0.009794319294809012,normal_delay,3
5.0,443.3,0.011279043537108053,normal_delay,3
0.0,614.1,0.0,normal_delay,3
36.0,1603.0,0.022457891453524642,normal_delay,3
37.0,1497.6,0.024706196581196584,normal_delay,3
0.0,1386.96,0.0,normal_delay,3
0.0,1032.6,0.0,normal_delay,3
28.0,443.3,0.06316264380780509,normal_delay,3
19.0,610.17,0.03113886293983644,normal_delay,3
0.0,589.53,0.0,normal_delay,3
0.0,614.1,0.0,normal_delay,3
35.0,614.1,0.056993974922651035,normal_delay,3
0.0,589.53,0.0,normal_delay,3
33.0,1545.37,0.02135410937186564,normal_delay,3
0.0,247.93,0.0,normal_delay,3
10.0,837.44,0.011941153993121895,normal_delay,3
22.0,614.1,0.03582478423709493,normal_delay,3
19.0,614.1,0.03093958638658199,normal_delay,3
0.0,614.1,0.0,normal_delay,3
0.0,610.17,0.0,normal_delay,3
59.0,2220.8,0.026567002881844378,normal_delay,3
7.0,614.1,0.011398794984530206,normal_delay,3
0.0,614.1,0.0,normal_delay,3
24.0,614.1,0.039081582804103565,normal_delay,3
21.0,614.1,0.03419638495359062,normal_delay,3
0.0,1332.96,0.0,normal_delay,3
27.0,614.1,0.04396678065461651,normal_delay,3
10.0,614.1,0.016283992835043153,normal_delay,3
2.0,614.1,0.0032567985670086306,normal_delay,3
0.0,614.1,0.0,normal_delay,3
0.0,614.1,0.0,normal_delay,3
0.0,443.3,0.0,normal_delay,3
0.0,1362.96,0.0,normal_delay,3
35.0,614.1,0.056993974922651035,normal_delay,3
0.0,589.53,0.0,normal_delay,3
0.0,614.1,0.0,normal_delay,3
0.0,614.1,0.0,normal_delay,3
50.0,614.1,0.08141996417521576,normal_delay,3
0.0,614.1,0.0,normal_delay,3
31.0,1013.24,0.030594923216612058,normal_delay,3
24.0,614.1,0.039081582804103565,normal_delay,3
0.0,878.36,0.0,normal_delay,3
0.0,837.44,0.0,normal_delay,3
0.0,614.1,0.0,normal_delay,3
7.0,614.1,0.011398794984530206,normal_delay,3
0.0,614.1,0.0,normal_delay,3
45.0,614.1,0.07327796775769418,normal_delay,3
0.0,992.6,0.0,normal_delay,3
0.0,589.53,0.0,normal_delay,3
0.0,614.1,0.0,normal_delay,3
9.0,614.1,0.014655593551538837,normal_delay,3
0.0,2154.96,0.0,normal_delay,3
0.0,614.1,0.0,normal_delay,3
61.0,614.1,0.09933235629376323,normal_delay,3
0.0,610.17,0.0,normal_delay,3
0.0,614.1,0.0,normal_delay,3
0.0,614.1,0.0,normal_delay,3
0.0,1790.6,0.0,normal_delay,3
54.0,1374.24,0.03929444638491093,normal_delay,3
12.0,1496.16,0.008020532563362206,normal_delay,3
0.0,992.6,0.0,normal_delay,3
17.0,614.1,0.027682787819573357,normal_delay,3
0.0,247.93,0.0,normal_delay,3
47.0,2562.53,0.01834124868782024,normal_delay,3
65.0,2130.96,0.030502684236212788,normal_delay,3
35.0,614.1,0.056993974922651035,normal_delay,3
0.0,992.6,0.0,normal_delay,3
0.0,614.1,0.0,normal_delay,3
26.0,996.53,0.02609053415351269,normal_delay,3
0.0,589.53,0.0,normal_delay,3
0.0,1289.6,0.0,normal_delay,3
27.0,272.5,0.09908256880733946,normal_delay,3
0.0,614.1,0.0,normal_delay,3
13.0,268.57,0.04840451278996165,normal_delay,3
107.0,3904.8,0.02740217168612989,normal_delay,3
36.0,2201.6,0.016351744186046513,normal_delay,3
39.0,272.5,0.14311926605504588,normal_delay,3
0.0,614.1,0.0,normal_delay,3
0.0,614.1,0.0,normal_delay,3
41.0,1428.24,0.028706659945107266,normal_delay,3
0.0,610.17,0.0,normal_delay,3
0.0,610.17,0.0,normal_delay,3
0.0,614.1,0.0,normal_delay,3
3.0,272.5,0.011009174311926606,normal_delay,3
7.0,1428.24,0.004901137063798801,normal_delay,3
21.0,861.8,0.024367602692039917,normal_delay,3
0.0,614.1,0.0,normal_delay,3
0.0,614.1,0.0,normal_delay,3
0.0,614.1,0.0,normal_delay,3
0.0,272.5,0.0,normal_delay,3
24.0,614.1,0.039081582804103565,normal_delay,3
89.0,2472.44,0.03599682904337415,normal_delay,3
0.0,614.1,0.0,normal_delay,3
4.0,1353.6,0.0029550827423167852,normal_delay,3
0.0,614.1,0.0,normal_delay,3
31.0,2558.6,0.012116000938012976,normal_delay,3
0.0,1428.24,0.0,normal_delay,3
20.0,614.1,0.03256798567008631,normal_delay,3
0.0,614.1,0.0,normal_delay,3
1.0,1353.6,0.0007387706855791963,normal_delay,3
35.0,614.1,0.056993974922651035,normal_delay,3
123.0,3677.44,0.03344718064740689,normal_delay,3
7.0,1289.6,0.005428039702233251,normal_delay,3
0.0,1029.96,0.0,normal_delay,3
0.0,614.1,0.0,normal_delay,3
0.0,614.1,0.0,normal_delay,3
31.0,820.73,0.03777125242162465,normal_delay,3
0.0,1353.6,0.0,normal_delay,3
0.0,614.1,0.0,normal_delay,3
15.0,614.1,0.024425989252564728,normal_delay,3
0.0,1011.96,0.0,normal_delay,3
0.0,589.53,0.0,normal_delay,3
9.0,820.73,0.010965847477245867,normal_delay,3
13.0,614.1,0.0211691906855561,normal_delay,3
0.0,614.1,0.0,normal_delay,3
47.0,1794.44,0.026192015336260893,normal_delay,3
52.0,841.37,0.06180396258483188,normal_delay,3
0.0,820.73,0.0,normal_delay,3
0.0,614.1,0.0,normal_delay,3
0.0,614.1,0.0,normal_delay,3
0.0,614.1,0.0,normal_delay,3
0.0,614.1,0.0,normal_delay,3
0.0,1289.6,0.0,normal_delay,3
15.0,841.37,0.017828066130239965,normal_delay,3
0.0,589.53,0.0,normal_delay,3
0.0,247.93,0.0,normal_delay,3
71.0,2201.6,0.032249273255813955,normal_delay,3
7.0,1407.6,0.004973003694231316,normal_delay,3
35.0,610.17,0.05736106331022502,normal_delay,3
0.0,1733.96,0.0,normal_delay,3
0.0,971.96,0.0,normal_delay,3
36.0,2029.57,0.017737747404622653,normal_delay,3
30.0,1310.24,0.02289656856759067,normal_delay,3
0.0,1790.6,0.0,normal_delay,3
9.0,1583.8,0.005682535673696174,normal_delay,3
51.0,1017.17,0.05013911145629541,normal_delay,3
23.0,1520.8,0.015123619147816939,normal_delay,3
11.0,614.1,0.017912392118547466,normal_delay,3
31.0,614.1,0.05048037778863377,normal_delay,3
79.0,2151.6,0.0367168618702361,normal_delay,3
11.0,614.1,0.017912392118547466,normal_delay,3
0.0,899.0,0.0,normal_delay,3
180.0,5207.16,0.03456778743115249,normal_delay,3
17.0,1032.6,0.016463296533023437,normal_delay,3
20.0,614.1,0.03256798567008631,normal_delay,3
153.0,3127.44,0.04892180185710997,normal_delay,3
42.0,2151.6,0.01952035694366983,normal_delay,3
76.0,2196.24,0.034604596947510294,normal_delay,3
37.0,1811.24,0.020427994081402796,normal_delay,3
30.0,614.1,0.048851978505129456,normal_delay,3
5.0,614.1,0.008141996417521577,normal_delay,3
60.0,1815.17,0.0330547552019921,normal_delay,3
0.0,1353.6,0.0,normal_delay,3
27.0,614.1,0.04396678065461651,normal_delay,3
42.0,614.1,0.06839276990718124,normal_delay,3
33.0,841.37,0.039221745486527924,normal_delay,3
0.0,589.53,0.0,normal_delay,3
26.0,1815.17,0.014323727254196577,normal_delay,3
30.0,1017.17,0.029493594974291416,normal_delay,3
0.0,1050.6,0.0,normal_delay,3
0.0,589.53,0.0,normal_delay,3
28.0,1545.37,0.0181186382549163,normal_delay,3
16.0,1310.24,0.012211503236048358,normal_delay,3
6.0,1032.6,0.005810575246949449,normal_delay,3
41.0,614.1,0.06676437062367692,normal_delay,3
0.0,589.53,0.0,normal_delay,3
211.0,4066.57,0.0518864792687695,normal_delay,3
2.0,1989.73,0.0010051615043247073,normal_delay,3
28.0,614.1,0.045595179938120824,normal_delay,3
15.0,614.1,0.024425989252564728,normal_delay,3
6.0,614.1,0.009770395701025891,normal_delay,3
0.0,247.93,0.0,normal_delay,3
145.0,2457.37,0.05900617326654106,normal_delay,3
17.0,1017.17,0.01671303715209847,normal_delay,3
0.0,443.3,0.0,normal_delay,3
65.0,2175.6,0.029876815591101308,normal_delay,3
31.0,1353.6,0.022901891252955085,normal_delay,3
13.0,1383.6,0.009395779126915294,normal_delay,3
18.0,614.1,0.029311187103077674,normal_delay,3
10.0,610.17,0.016388875231492864,normal_delay,3
137.0,3258.73,0.042040917780853275,normal_delay,3
9.0,1032.6,0.008715862870424173,normal_delay,3
1.0,1310.24,0.0007632189522530224,normal_delay,3
0.0,589.53,0.0,normal_delay,3
6.0,443.3,0.013534852244529664,normal_delay,3
0.0,614.1,0.0,normal_delay,3
0.0,614.1,0.0,normal_delay,3
0.0,247.93,0.0,normal_delay,3
107.0,2476.57,0.04320491647722455,normal_delay,3
26.0,443.3,0.05865102639296187,normal_delay,3
71.0,2175.6,0.03263467549181835,normal_delay,3
4.0,2196.24,0.0018212945761847522,normal_delay,3
29.0,837.44,0.0346293465800535,normal_delay,3
0.0,614.1,0.0,normal_delay,3
29.0,1769.96,0.016384551063300865,normal_delay,3
4.0,610.17,0.0065555500925971455,normal_delay,3
44.0,2340.24,0.018801490445424403,normal_delay,3
19.0,1404.24,0.01353045063521905,normal_delay,3
0.0,589.53,0.0,normal_delay,3
74.0,2175.6,0.034013605442176874,normal_delay,3
0.0,1790.6,0.0,normal_delay,3
0.0,2175.6,0.0,normal_delay,3
0.0,820.73,0.0,normal_delay,3
0.0,589.53,0.0,normal_delay,3
69.0,2196.24,0.03141733143918698,normal_delay,3
29.0,816.8,0.03550440744368267,normal_delay,3
0.0,589.53,0.0,normal_delay,3
45.0,2175.6,0.020683949255377827,normal_delay,3
0.0,589.53,0.0,normal_delay,3
0.0,589.53,0.0,normal_delay,3
78.0,3405.17,0.022906345351333412,normal_delay,3
156.0,2453.44,0.06358419199165254,normal_delay,3
9.0,1013.24,0.00888239706288737,normal_delay,3
33.0,614.1,0.0537371763556424,normal_delay,3
32.0,614.1,0.05210877707213809,normal_delay,3
0.0,614.1,0.0,normal_delay,3
0.0,614.1,0.0,normal_delay,3
124.0,3656.8,0.03390942900896959,normal_delay,3
109.0,2453.44,0.04442741619929568,normal_delay,3
31.0,1790.6,0.01731263263710488,normal_delay,3
19.0,2175.6,0.008733223018937305,normal_delay,3
0.0,1407.6,0.0,normal_delay,3
0.0,614.1,0.0,normal_delay,3
28.0,1541.44,0.01816483288353747,normal_delay,3
0.0,247.93,0.0,normal_delay,3
48.0,2154.96,0.022274195344693173,normal_delay,3
6.0,1383.6,0.0043365134431916745,normal_delay,3
38.0,614.1,0.06187917277316398,normal_delay,3
0.0,443.3,0.0,normal_delay,3
58.0,3384.53,0.017136795950988763,normal_delay,3
90.0,1524.73,0.05902684409698766,normal_delay,3
75.0,1545.37,0.048532066754240086,normal_delay,3
32.0,614.1,0.05210877707213809,normal_delay,3
27.0,614.1,0.04396678065461651,normal_delay,3
23.0,1790.6,0.012844856472690718,normal_delay,3
11.0,1520.8,0.007233035244608102,normal_delay,3
13.0,1353.6,0.00960401891252955,normal_delay,3
17.0,614.1,0.027682787819573357,normal_delay,3
10.0,614.1,0.016283992835043153,normal_delay,3
0.0,614.1,0.0,normal_delay,3
0.0,614.1,0.0,normal_delay,3
61.0,1524.73,0.04000708322129164,normal_delay,3
0.0,2154.96,0.0,normal_delay,3
4.0,614.1,0.006513597134017261,normal_delay,3
61.0,3380.6,0.018044134177364966,normal_delay,3
68.0,1524.73,0.044598059984390676,normal_delay,3
0.0,614.1,0.0,normal_delay,3
15.0,614.1,0.024425989252564728,normal_delay,3
11.0,614.1,0.017912392118547466,normal_delay,3
24.0,614.1,0.039081582804103565,normal_delay,3
0.0,614.1,0.0,normal_delay,3
0.0,2220.8,0.0,normal_delay,3
39.0,996.53,0.03913580123026904,normal_delay,3
1.0,614.1,0.0016283992835043153,normal_delay,3
33.0,996.53,0.03311490873330457,normal_delay,3
35.0,614.1,0.056993974922651035,normal_delay,3
36.0,614.1,0.05862237420615535,normal_delay,3
26.0,614.1,0.0423383813711122,normal_delay,3
0.0,614.1,0.0,normal_delay,3
21.0,861.8,0.024367602692039917,normal_delay,3
16.0,614.1,0.026054388536069045,normal_delay,3
22.0,614.1,0.03582478423709493,normal_delay,3
4.0,614.1,0.006513597134017261,normal_delay,3
0.0,614.1,0.0,normal_delay,3
24.0,272.5,0.08807339449541285,normal_delay,3
0.0,614.1,0.0,normal_delay,3
0.0,614.1,0.0,normal_delay,3
7.0,272.5,0.025688073394495414,normal_delay,3
0.0,272.5,0.0,normal_delay,3
65.0,3656.8,0.017775103915992123,normal_delay,3
4.0,1582.36,0.002527869764149751,normal_delay,3
38.0,614.1,0.06187917277316398,normal_delay,3
0.0,796.16,0.0,normal_delay,3
0.0,614.1,0.0,normal_delay,3
32.0,614.1,0.05210877707213809,normal_delay,3
31.0,614.1,0.05048037778863377,normal_delay,3
6.0,614.1,0.009770395701025891,normal_delay,3
0.0,589.53,0.0,normal_delay,3
125.0,2472.44,0.050557344162042356,normal_delay,3
0.0,1769.96,0.0,normal_delay,3
15.0,614.1,0.024425989252564728,normal_delay,3
19.0,268.57,0.07074505715455934,normal_delay,3
11.0,1353.6,0.00812647754137116,normal_delay,3
40.0,614.1,0.06513597134017261,normal_delay,3
9.0,614.1,0.014655593551538837,normal_delay,3
18.0,1374.24,0.01309814879497031,normal_delay,3
4.0,614.1,0.006513597134017261,normal_delay,3
3.0,614.1,0.004885197850512946,normal_delay,3
0.0,614.1,0.0,normal_delay,3
28.0,1032.6,0.027116017819097428,normal_delay,3
28.0,614.1,0.045595179938120824,normal_delay,3
27.0,610.17,0.04424996312503073,normal_delay,3
0.0,614.1,0.0,normal_delay,3
0.0,614.1,0.0,normal_delay,3
0.0,614.1,0.0,normal_delay,3
36.0,1833.96,0.0196296538637702,normal_delay,3
32.0,1428.24,0.022405198005937377,normal_delay,3
33.0,614.1,0.0537371763556424,normal_delay,3
0.0,861.8,0.0,normal_delay,3
1.0,614.1,0.0016283992835043153,normal_delay,3
0.0,614.1,0.0,normal_delay,3
0.0,589.53,0.0,normal_delay,3
11.0,614.1,0.017912392118547466,normal_delay,3
0.0,614.1,0.0,normal_delay,3
4.0,614.1,0.006513597134017261,normal_delay,3
0.0,614.1,0.0,normal_delay,3
0.0,272.5,0.0,normal_delay,3
28.0,614.1,0.045595179938120824,normal_delay,3
2.0,610.17,0.0032777750462985727,normal_delay,3
37.0,614.1,0.06025077348965966,normal_delay,3
0.0,614.1,0.0,normal_delay,3
0.0,614.1,0.0,normal_delay,3
45.0,3831.53,0.011744655529253327,normal_delay,3
0.0,614.1,0.0,normal_delay,3
0.0,614.1,0.0,normal_delay,3
17.0,2583.17,0.006581061254195426,normal_delay,3
27.0,1794.53,0.015045722278256703,normal_delay,3
0.0,614.1,0.0,normal_delay,3
0.0,614.1,0.0,normal_delay,3
0.0,247.93,0.0,normal_delay,3
50.0,2973.6,0.016814635458703257,normal_delay,3
0.0,614.1,0.0,normal_delay,3
0.0,1386.96,0.0,normal_delay,3
28.0,1069.8,0.026173116470368293,normal_delay,3
0.0,1407.6,0.0,normal_delay,3
4.0,1069.8,0.003739016638624042,normal_delay,3
14.0,820.73,0.01705798496460468,normal_delay,3
0.0,1332.96,0.0,normal_delay,3
0.0,589.53,0.0,normal_delay,3
0.0,1386.96,0.0,normal_delay,3
0.0,443.3,0.0,normal_delay,3
24.0,1407.6,0.017050298380221655,normal_delay,3
0.0,589.53,0.0,normal_delay,3
20.0,1790.6,0.011169440411035408,normal_delay,3
0.0,1769.96,0.0,normal_delay,3
9.0,443.3,0.020302278366794494,normal_delay,3
102.0,2583.17,0.03948636752517256,normal_delay,3
99.0,2562.53,0.03863369404455753,normal_delay,3
14.0,1794.53,0.0078014856257627345,normal_delay,3
0.0,878.36,0.0,normal_delay,3
0.0,614.1,0.0,normal_delay,3
0.0,841.37,0.0,normal_delay,3
26.0,1032.6,0.02517915940344761,normal_delay,3
43.0,820.73,0.052392382391285804,normal_delay,3
0.0,614.1,0.0,normal_delay,3
33.0,2151.6,0.015337423312883436,normal_delay,3
8.0,1790.6,0.004467776164414163,normal_delay,3
52.0,841.37,0.06180396258483188,normal_delay,3
46.0,614.1,0.0749063670411985,normal_delay,3
20.0,992.6,0.02014910336490026,normal_delay,3
26.0,443.3,0.05865102639296187,normal_delay,3
0.0,247.93,0.0,normal_delay,3
27.0,614.1,0.04396678065461651,normal_delay,3
23.0,614.1,0.03745318352059925,normal_delay,3
0.0,589.53,0.0,normal_delay,3
44.0,841.37,0.0522956606487039,normal_delay,3
30.0,610.17,0.04916662569447859,normal_delay,3
36.0,614.1,0.05862237420615535,normal_delay,3
77.0,2172.24,0.035447280226862596,normal_delay,3
69.0,1815.17,0.03801296848229092,normal_delay,3
25.0,1794.53,0.013931224331719168,normal_delay,3
0.0,1362.96,0.0,normal_delay,3
28.0,610.17,0.04588885064818002,normal_delay,3
48.0,1017.17,0.047189751958866266,normal_delay,3
9.0,614.1,0.014655593551538837,normal_delay,3
3.0,610.17,0.004916662569447859,normal_delay,3
7.0,614.1,0.011398794984530206,normal_delay,3
47.0,1524.73,0.03082512969509356,normal_delay,3
0.0,1769.96,0.0,normal_delay,3
44.0,837.44,0.05254107756973633,normal_delay,3
29.0,841.37,0.034467594518463936,normal_delay,3
17.0,614.1,0.027682787819573357,normal_delay,3
23.0,1476.96,0.015572527353482829,normal_delay,3
0.0,992.6,0.0,normal_delay,3
7.0,841.37,0.008319764194111984,normal_delay,3
79.0,2222.24,0.035549715602275184,normal_delay,3
47.0,2175.6,0.021603235888950176,normal_delay,3
13.0,1476.96,0.008801863286751165,normal_delay,3
42.0,614.1,0.06839276990718124,normal_delay,3
1.0,992.6,0.0010074551682450132,normal_delay,3
0.0,1289.6,0.0,normal_delay,3
0.0,1268.96,0.0,normal_delay,3
0.0,589.53,0.0,normal_delay,3
6.0,2175.6,0.0027578599007170436,normal_delay,3
65.0,2432.8,0.026718184807629067,normal_delay,3
32.0,1353.6,0.023640661938534282,normal_delay,3
43.0,1289.6,0.033343672456575685,normal_delay,3
0.0,589.53,0.0,normal_delay,3
0.0,1289.6,0.0,normal_delay,3
155.0,4589.6,0.033772006275056644,normal_delay,3
0.0,589.53,0.0,normal_delay,3
126.0,3405.17,0.0370025578752309,normal_delay,3
0.0,589.53,0.0,normal_delay,3
143.0,1815.0,0.07878787878787878,normal_delay,3
43.0,1518.24,0.02832226788913479,normal_delay,3
54.0,2412.16,0.02238657468824622,normal_delay,3
16.0,1815.17,0.008814601387197894,normal_delay,3
32.0,1518.24,0.021077036568658447,normal_delay,3
0.0,1383.6,0.0,normal_delay,3
73.0,2453.44,0.029754141124298944,normal_delay,3
61.0,1428.24,0.042709908698818126,normal_delay,3
29.0,1374.24,0.02110257305856328,normal_delay,3
27.0,2412.16,0.01119328734412311,normal_delay,3
0.0,614.1,0.0,normal_delay,3
0.0,1386.96,0.0,normal_delay,3
26.0,614.1,0.0423383813711122,normal_delay,3
0.0,1362.96,0.0,normal_delay,3
14.0,1017.17,0.013763677654669328,normal_delay,3
7.0,614.1,0.011398794984530206,normal_delay,3
11.0,614.1,0.017912392118547466,normal_delay,3
64.0,2973.6,0.021522733387140166,normal_delay,3
29.0,2196.24,0.013204385677339454,normal_delay,3
0.0,1032.6,0.0,normal_delay,3
0.0,614.1,0.0,normal_delay,3
42.0,2537.96,0.016548724172169772,normal_delay,3
9.0,2154.96,0.00417641162712997,normal_delay,3
15.0,1497.6,0.010016025641025642,normal_delay,3
8.0,1407.6,0.005683432793407218,normal_delay,3
28.0,614.1,0.045595179938120824,normal_delay,3
21.0,614.1,0.03419638495359062,normal_delay,3
11.0,614.1,0.017912392118547466,normal_delay,3
0.0,614.1,0.0,normal_delay,3
1.0,1428.24,0.000700162437685543,normal_delay,3
18.0,996.53,0.0180626774908934,normal_delay,3
39.0,614.1,0.0635075720566683,normal_delay,3
0.0,614.1,0.0,normal_delay,3
166.0,4864.57,0.03412429053338733,normal_delay,3
0.0,1289.6,0.0,normal_delay,3
13.0,614.1,0.0211691906855561,normal_delay,3
0.0,589.53,0.0,normal_delay,3
0.0,614.1,0.0,normal_delay,3
0.0,589.53,0.0,normal_delay,3
33.0,614.1,0.0537371763556424,normal_delay,3
0.0,882.44,0.0,normal_delay,3
17.0,614.1,0.027682787819573357,normal_delay,3
38.0,272.5,0.13944954128440368,normal_delay,3
0.0,614.1,0.0,normal_delay,3
11.0,272.5,0.04036697247706422,normal_delay,3
150.0,1838.13,0.08160467431574481,normal_delay,3
18.0,1428.24,0.012602923878339774,normal_delay,3
0.0,1017.17,0.0,normal_delay,3
3.0,614.1,0.004885197850512946,normal_delay,3
25.0,268.57,0.09308560151915701,normal_delay,3
0.0,589.53,0.0,normal_delay,3
0.0,614.1,0.0,normal_delay,3
3.0,1428.24,0.002100487313056629,normal_delay,3
28.0,1790.6,0.015637216575449572,normal_delay,3
0.0,1289.6,0.0,normal_delay,3
0.0,1289.6,0.0,normal_delay,3
30.0,614.1,0.048851978505129456,normal_delay,3
24.0,614.1,0.039081582804103565,normal_delay,3
1.0,268.57,0.003723424060766281,normal_delay,3
32.0,2151.6,0.014872652909462726,normal_delay,3
0.0,2537.96,0.0,normal_delay,3
14.0,1383.6,0.01011853136744724,normal_delay,3
26.0,996.53,0.02609053415351269,normal_delay,3
41.0,614.1,0.06676437062367692,normal_delay,3
31.0,610.17,0.05080551321762788,normal_delay,3
27.0,610.17,0.04424996312503073,normal_delay,3
94.0,1838.13,0.05113892923786674,normal_delay,3
33.0,614.1,0.0537371763556424,normal_delay,3
0.0,614.1,0.0,normal_delay,3
86.0,3885.6,0.02213300391187976,normal_delay,3
81.0,3677.44,0.022026192133658196,normal_delay,3
27.0,614.1,0.04396678065461651,normal_delay,3
17.0,614.1,0.027682787819573357,normal_delay,3
15.0,614.1,0.024425989252564728,normal_delay,3
17.0,1404.24,0.012106192673617046,normal_delay,3
18.0,614.1,0.029311187103077674,normal_delay,3
0.0,992.6,0.0,normal_delay,3
41.0,614.1,0.06676437062367692,normal_delay,3
0.0,614.1,0.0,normal_delay,3
0.0,589.53,0.0,normal_delay,3
0.0,614.1,0.0,normal_delay,3
3.0,1404.24,0.002136386942403008,normal_delay,3
0.0,1011.96,0.0,normal_delay,3
25.0,614.1,0.04070998208760788,normal_delay,3
22.0,614.1,0.03582478423709493,normal_delay,3
9.0,614.1,0.014655593551538837,normal_delay,3
0.0,610.17,0.0,normal_delay,3
0.0,614.1,0.0,normal_delay,3
31.0,820.73,0.03777125242162465,normal_delay,3
4.0,879.8,0.0045464878381450335,normal_delay,3
25.0,614.1,0.04070998208760788,normal_delay,3
1.0,1582.36,0.0006319674410374378,normal_delay,3
11.0,614.1,0.017912392118547466,normal_delay,3
16.0,614.1,0.026054388536069045,normal_delay,3
7.0,614.1,0.011398794984530206,normal_delay,3
4.0,614.1,0.006513597134017261,normal_delay,3
46.0,614.1,0.0749063670411985,normal_delay,3
33.0,614.1,0.0537371763556424,normal_delay,3
23.0,614.1,0.03745318352059925,normal_delay,3
0.0,841.16,0.0,normal_delay,3
6.0,614.1,0.009770395701025891,normal_delay,3
0.0,1362.96,0.0,normal_delay,3
0.0,996.53,0.0,normal_delay,3
8.0,614.1,0.013027194268034522,normal_delay,3
55.0,1875.24,0.02932957914720249,normal_delay,3
29.0,614.1,0.047223579221625143,normal_delay,3
17.0,614.1,0.027682787819573357,normal_delay,3
13.0,614.1,0.0211691906855561,normal_delay,3
4.0,614.1,0.006513597134017261,normal_delay,3
0.0,614.1,0.0,normal_delay,3
76.0,1524.73,0.049844890570789585,normal_delay,3
7.0,1374.24,0.005093724531377343,normal_delay,3
13.0,614.1,0.0211691906855561,normal_delay,3
26.0,614.1,0.0423383813711122,normal_delay,3
0.0,589.53,0.0,normal_delay,3
32.0,1090.44,0.029345952092733208,normal_delay,3
48.0,614.1,0.07816316560820713,normal_delay,3
28.0,614.1,0.045595179938120824,normal_delay,3
47.0,614.1,0.07653476632470281,normal_delay,3
0.0,614.1,0.0,normal_delay,3
0.0,614.1,0.0,normal_delay,3
58.0,1524.73,0.03803952175139205,normal_delay,3
15.0,996.53,0.015052231242411167,normal_delay,3
0.0,614.1,0.0,normal_delay,3
0.0,614.1,0.0,normal_delay,3
0.0,1029.96,0.0,normal_delay,3
8.0,816.8,0.009794319294809012,normal_delay,3
0.0,614.1,0.0,normal_delay,3
171.0,3298.57,0.05184064609815768,normal_delay,3
0.0,878.36,0.0,normal_delay,3
0.0,614.1,0.0,normal_delay,3
12.0,1428.24,0.008401949252226516,normal_delay,3
0.0,614.1,0.0,normal_delay,3
0.0,614.1,0.0,normal_delay,3
103.0,2622.6,0.03927400289788759,normal_delay,3
13.0,1815.17,0.007161863627098288,normal_delay,3
13.0,610.17,0.021305537800940723,normal_delay,3
0.0,614.1,0.0,normal_delay,3
0.0,443.3,0.0,normal_delay,3
33.0,1794.44,0.018390138427587435,normal_delay,3
74.0,2558.6,0.02892206675525678,normal_delay,3
35.0,443.3,0.07895330475975637,normal_delay,3
0.0,614.1,0.0,normal_delay,3
0.0,589.53,0.0,normal_delay,3
60.0,1520.8,0.03945291951604419,normal_delay,3
20.0,2562.53,0.0078047866756681865,normal_delay,3
58.0,1794.53,0.03232044044958847,normal_delay,3
26.0,1794.53,0.014488473304987936,normal_delay,3
0.0,614.1,0.0,normal_delay,3
87.0,2172.24,0.04005082311346813,normal_delay,3
72.0,2201.6,0.032703488372093026,normal_delay,3
5.0,610.17,0.008194437615746432,normal_delay,3
40.0,2180.96,0.018340547281930894,normal_delay,3
0.0,1407.6,0.0,normal_delay,3
61.0,2151.6,0.028350994608663322,normal_delay,3
4.0,1407.6,0.002841716396703609,normal_delay,3
0.0,1428.24,0.0,normal_delay,3
0.0,614.1,0.0,normal_delay,3
0.0,589.53,0.0,normal_delay,3
30.0,841.37,0.03565613226047993,normal_delay,3
1.0,841.37,0.0011885377420159976,normal_delay,3
0.0,610.17,0.0,normal_delay,3
0.0,614.1,0.0,normal_delay,3
0.0,614.1,0.0,normal_delay,3
3.0,820.73,0.003655282492415289,normal_delay,3
0.0,614.1,0.0,normal_delay,3
0.0,1407.6,0.0,normal_delay,3
26.0,443.3,0.05865102639296187,normal_delay,3
31.0,1794.53,0.01727471817133177,normal_delay,3
17.0,899.0,0.018909899888765295,normal_delay,3
0.0,589.53,0.0,normal_delay,3
24.0,1790.6,0.01340332849324249,normal_delay,3
0.0,614.1,0.0,normal_delay,3
0.0,614.1,0.0,normal_delay,3
34.0,1811.24,0.01877167023696473,normal_delay,3
0.0,610.17,0.0,normal_delay,3
0.0,614.1,0.0,normal_delay,3
3.0,443.3,0.006767426122264832,normal_delay,3
0.0,878.36,0.0,normal_delay,3
0.0,614.1,0.0,normal_delay,3
12.0,1353.6,0.008865248226950355,normal_delay,3
26.0,1032.6,0.02517915940344761,normal_delay,3
26.0,816.8,0.031831537708129284,normal_delay,3
32.0,614.1,0.05210877707213809,normal_delay,3
39.0,614.1,0.0635075720566683,normal_delay,3
0.0,1362.96,0.0,normal_delay,3
0.0,1332.96,0.0,normal_delay,3
0.0,610.17,0.0,normal_delay,3
0.0,610.17,0.0,normal_delay,3
39.0,1733.96,0.022491868324528822,normal_delay,3
0.0,614.1,0.0,normal_delay,3
12.0,2973.6,0.004035512510088782,normal_delay,3
0.0,816.8,0.0,normal_delay,3
0.0,247.93,0.0,normal_delay,3
17.0,614.1,0.027682787819573357,normal_delay,3
0.0,614.1,0.0,normal_delay,3
37.0,2200.16,0.016816958766635155,normal_delay,3
0.0,589.53,0.0,normal_delay,3
30.0,614.1,0.048851978505129456,normal_delay,3
0.0,247.93,0.0,normal_delay,3
38.0,1497.6,0.025373931623931624,normal_delay,3
17.0,614.1,0.027682787819573357,normal_delay,3
0.0,614.1,0.0,normal_delay,3
32.0,614.1,0.05210877707213809,normal_delay,3
0.0,1769.96,0.0,normal_delay,3
19.0,1017.17,0.01867927681705123,normal_delay,3
42.0,996.53,0.042146247478751266,normal_delay,3
39.0,614.1,0.0635075720566683,normal_delay,3
0.0,816.8,0.0,normal_delay,3
16.0,614.1,0.026054388536069045,normal_delay,3
1.0,614.1,0.0016283992835043153,normal_delay,3
1.0,1353.6,0.0007387706855791963,normal_delay,3
0.0,1386.96,0.0,normal_delay,3
26.0,614.1,0.0423383813711122,normal_delay,3
8.0,614.1,0.013027194268034522,normal_delay,3
13.0,614.1,0.0211691906855561,normal_delay,3
0.0,614.1,0.0,normal_delay,3
55.0,1754.6,0.03134617576655648,normal_delay,3
65.0,841.37,0.07725495323103986,normal_delay,3
0.0,996.53,0.0,normal_delay,3
3.0,614.1,0.004885197850512946,normal_delay,3
43.0,841.37,0.0511071229066879,normal_delay,3
0.0,614.1,0.0,normal_delay,3
134.0,3791.6,0.03534128072581496,normal_delay,3
0.0,589.53,0.0,normal_delay,3
7.0,268.57,0.026063968425363966,normal_delay,3
51.0,2175.6,0.02344180915609487,normal_delay,3
45.0,1815.17,0.024791066401494075,normal_delay,3
33.0,841.37,0.039221745486527924,normal_delay,3
17.0,861.8,0.01972615456022279,normal_delay,3
44.0,272.5,0.1614678899082569,normal_delay,3
0.0,614.1,0.0,normal_delay,3
0.0,614.1,0.0,normal_delay,3
38.0,2175.6,0.01746644603787461,normal_delay,3
0.0,996.53,0.0,normal_delay,3
29.0,272.5,0.10642201834862386,normal_delay,3
22.0,882.44,0.024930873487149268,normal_delay,3
31.0,610.17,0.05080551321762788,normal_delay,3
0.0,589.53,0.0,normal_delay,3
19.0,272.5,0.06972477064220184,normal_delay,3
29.0,1518.24,0.019101064390346718,normal_delay,3
0.0,1353.6,0.0,normal_delay,3
0.0,272.5,0.0,normal_delay,3
88.0,3087.6,0.028501101178909187,normal_delay,3
0.0,996.53,0.0,normal_delay,3
16.0,610.17,0.026222200370388582,normal_delay,3
61.0,2196.24,0.027774742286817474,normal_delay,3
21.0,1407.6,0.014919011082693948,normal_delay,3
29.0,1811.24,0.016011130496234625,normal_delay,3
24.0,1404.24,0.017091095539224065,normal_delay,3
19.0,1017.17,0.01867927681705123,normal_delay,3
8.0,837.44,0.009552923194497515,normal_delay,3
15.0,2175.6,0.006894649751792609,normal_delay,3
8.0,1383.6,0.005782017924255566,normal_delay,3
12.0,820.73,0.014621129969661155,normal_delay,3
36.0,1520.8,0.02367175170962651,normal_delay,3
24.0,1032.6,0.023242300987797795,normal_delay,3
0.0,837.44,0.0,normal_delay,3
11.0,1032.6,0.01065272128607399,normal_delay,3
0.0,878.36,0.0,normal_delay,3
60.0,3405.17,0.017620265654871858,normal_delay,3
4.0,1069.8,0.003739016638624042,normal_delay,3
0.0,272.5,0.0,normal_delay,3
0.0,820.73,0.0,normal_delay,3
0.0,1050.6,0.0,normal_delay,3
0.0,247.93,0.0,normal_delay,3
0.0,882.44,0.0,normal_delay,3
0.0,1383.6,0.0,normal_delay,3
31.0,614.1,0.05048037778863377,normal_delay,3
7.0,610.17,0.011472212662045005,normal_delay,3
0.0,589.53,0.0,normal_delay,3
133.0,3384.53,0.039296445887612164,normal_delay,3
19.0,1704.44,0.011147356316444111,normal_delay,3
0.0,1582.36,0.0,normal_delay,3
0.0,1289.6,0.0,normal_delay,3
30.0,614.1,0.048851978505129456,normal_delay,3
24.0,614.1,0.039081582804103565,normal_delay,3
13.0,1353.6,0.00960401891252955,normal_delay,3
27.0,614.1,0.04396678065461651,normal_delay,3
15.0,2175.6,0.006894649751792609,normal_delay,3
37.0,614.1,0.06025077348965966,normal_delay,3
33.0,614.1,0.0537371763556424,normal_delay,3
31.0,614.1,0.05048037778863377,normal_delay,3
16.0,614.1,0.026054388536069045,normal_delay,3
11.0,614.1,0.017912392118547466,normal_delay,3
13.0,614.1,0.0211691906855561,normal_delay,3
1.0,614.1,0.0016283992835043153,normal_delay,3
6.0,614.1,0.009770395701025891,normal_delay,3
0.0,614.1,0.0,normal_delay,3
25.0,614.1,0.04070998208760788,normal_delay,3
0.0,614.1,0.0,normal_delay,3
140.0,3274.0,0.04276114844227245,normal_delay,3
7.0,1383.6,0.00505926568372362,normal_delay,3
42.0,614.1,0.06839276990718124,normal_delay,3
17.0,614.1,0.027682787819573357,normal_delay,3
3.0,614.1,0.004885197850512946,normal_delay,3
4.0,614.1,0.006513597134017261,normal_delay,3
7.0,1383.6,0.00505926568372362,normal_delay,3
41.0,614.1,0.06676437062367692,normal_delay,3
35.0,614.1,0.056993974922651035,normal_delay,3
27.0,614.1,0.04396678065461651,normal_delay,3
0.0,614.1,0.0,normal_delay,3
0.0,614.1,0.0,normal_delay,3
32.0,614.1,0.05210877707213809,normal_delay,3
31.0,614.1,0.05048037778863377,normal_delay,3
10.0,614.1,0.016283992835043153,normal_delay,3
8.0,614.1,0.013027194268034522,normal_delay,3
1.0,614.1,0.0016283992835043153,normal_delay,3
46.0,1794.44,0.02563473841421279,normal_delay,3
39.0,614.1,0.0635075720566683,normal_delay,3
0.0,614.1,0.0,normal_delay,3
0.0,614.1,0.0,normal_delay,3
3.0,614.1,0.004885197850512946,normal_delay,3
50.0,614.1,0.08141996417521576,normal_delay,3
38.0,614.1,0.06187917277316398,normal_delay,3
2.0,614.1,0.0032567985670086306,normal_delay,3
0.0,589.53,0.0,normal_delay,3
93.0,2359.44,0.03941613264164378,normal_delay,3
22.0,614.1,0.03582478423709493,normal_delay,3
131.0,2029.57,0.06454569194459911,normal_delay,3
0.0,614.1,0.0,normal_delay,3
0.0,614.1,0.0,normal_delay,3
134.0,3831.53,0.03497297424266546,normal_delay,3
43.0,1524.73,0.028201714401894104,normal_delay,3
35.0,1374.24,0.025468622656886715,normal_delay,3
35.0,820.73,0.0426449624115117,normal_delay,3
0.0,589.53,0.0,normal_delay,3
80.0,3380.6,0.023664438265396676,normal_delay,3
53.0,2583.17,0.02051742626307986,normal_delay,3
57.0,2601.96,0.02190656274500761,normal_delay,3
0.0,614.1,0.0,normal_delay,3
0.0,614.1,0.0,normal_delay,3
0.0,614.1,0.0,normal_delay,3
0.0,971.96,0.0,normal_delay,3
35.0,1790.6,0.019546520719311962,normal_delay,3
0.0,614.1,0.0,normal_delay,3
0.0,614.1,0.0,normal_delay,3
0.0,443.3,0.0,normal_delay,3
0.0,878.36,0.0,normal_delay,3
0.0,614.1,0.0,normal_delay,3
0.0,589.53,0.0,normal_delay,3
2.0,443.3,0.004511617414843221,normal_delay,3
0.0,820.73,0.0,normal_delay,3
0.0,1790.6,0.0,normal_delay,3
101.0,5227.8,0.019319790351581927,normal_delay,3
0.0,614.1,0.0,normal_delay,3
0.0,614.1,0.0,normal_delay,3
0.0,247.93,0.0,normal_delay,3
7.0,1428.24,0.004901137063798801,normal_delay,3
28.0,837.44,0.03343523118074131,normal_delay,3
0.0,1407.6,0.0,normal_delay,3
0.0,614.1,0.0,normal_delay,3
0.0,614.1,0.0,normal_delay,3
31.0,996.53,0.031107944567649745,normal_delay,3
98.0,3791.6,0.025846608292013927,normal_delay,3
30.0,1794.53,0.016717469198063002,normal_delay,3
0.0,614.1,0.0,normal_delay,3
10.0,614.1,0.016283992835043153,normal_delay,3
0.0,614.1,0.0,normal_delay,3
0.0,1362.96,0.0,normal_delay,3
16.0,816.8,0.019588638589618023,normal_delay,3
33.0,614.1,0.0537371763556424,normal_delay,3
0.0,614.1,0.0,normal_delay,3
39.0,614.1,0.0635075720566683,normal_delay,3
11.0,614.1,0.017912392118547466,normal_delay,3
0.0,614.1,0.0,normal_delay,3
0.0,443.3,0.0,normal_delay,3
33.0,614.1,0.0537371763556424,normal_delay,3
22.0,614.1,0.03582478423709493,normal_delay,3
26.0,614.1,0.0423383813711122,normal_delay,3
0.0,614.1,0.0,normal_delay,3
23.0,614.1,0.03745318352059925,normal_delay,3
19.0,614.1,0.03093958638658199,normal_delay,3
12.0,614.1,0.019540791402051783,normal_delay,3
0.0,614.1,0.0,normal_delay,3
0.0,247.93,0.0,normal_delay,3
12.0,996.53,0.012041784993928934,normal_delay,3
6.0,614.1,0.009770395701025891,normal_delay,3
14.0,1407.6,0.009946007388462632,normal_delay,3
5.0,1407.6,0.0035521454958795115,normal_delay,3
30.0,614.1,0.048851978505129456,normal_delay,3
7.0,610.17,0.011472212662045005,normal_delay,3
0.0,589.53,0.0,normal_delay,3
30.0,614.1,0.048851978505129456,normal_delay,3
18.0,614.1,0.029311187103077674,normal_delay,3
0.0,589.53,0.0,normal_delay,3
237.0,4296.53,0.05516079254654337,normal_delay,3
1.0,996.53,0.0010034820828274111,normal_delay,3
0.0,816.8,0.0,normal_delay,3
3.0,614.1,0.004885197850512946,normal_delay,3
1.0,614.1,0.0016283992835043153,normal_delay,3
0.0,614.1,0.0,normal_delay,3
0.0,614.1,0.0,normal_delay,3
0.0,589.53,0.0,normal_delay,3
12.0,2151.6,0.005577244841048522,normal_delay,3
11.0,272.5,0.04036697247706422,normal_delay,3
0.0,272.5,0.0,normal_delay,3
21.0,1017.17,0.02064551648200399,normal_delay,3
25.0,268.57,0.09308560151915701,normal_delay,3
0.0,1332.96,0.0,normal_delay,3
25.0,879.8,0.028415548988406456,normal_delay,3
0.0,589.53,0.0,normal_delay,3
6.0,882.44,0.006799329132858891,normal_delay,3
0.0,268.57,0.0,normal_delay,3
86.0,1545.37,0.055650103211528634,normal_delay,3
100.0,1541.44,0.06487440315549096,normal_delay,3
10.0,1032.6,0.009684292078249081,normal_delay,3
13.0,1407.6,0.00923557828928673,normal_delay,3
75.0,1790.6,0.04188540154138278,normal_delay,3
30.0,1520.8,0.019726459758022095,normal_delay,3
9.0,2196.24,0.0040979127964156925,normal_delay,3
0.0,1404.24,0.0,normal_delay,3
0.0,1386.96,0.0,normal_delay,3
0.0,272.5,0.0,normal_delay,3
73.0,3405.17,0.021437989880094092,normal_delay,3
20.0,1794.53,0.011144979465375335,normal_delay,3
0.0,820.73,0.0,normal_delay,3
51.0,2537.96,0.02009487935192044,normal_delay,3
17.0,1289.6,0.013182382133995038,normal_delay,3
11.0,1017.17,0.010814318157240186,normal_delay,3
68.0,2643.24,0.025726002935790925,normal_delay,3
76.0,1815.17,0.04186935658918999,normal_delay,3
21.0,1353.6,0.015514184397163122,normal_delay,3
0.0,1332.96,0.0,normal_delay,3
49.0,2175.6,0.022522522522522525,normal_delay,3
48.0,1545.37,0.031060522722713656,normal_delay,3
66.0,1497.6,0.044070512820512824,normal_delay,3
7.0,820.73,0.00852899248230234,normal_delay,3
62.0,1815.17,0.034156580375391835,normal_delay,3
35.0,2175.6,0.016087516087516088,normal_delay,3
34.0,1497.6,0.022702991452991456,normal_delay,3
1.0,992.6,0.0010074551682450132,normal_delay,3
18.0,2562.53,0.007024308008101368,normal_delay,3
78.0,841.37,0.09270594387724782,normal_delay,3
0.0,589.53,0.0,normal_delay,3
84.0,841.37,0.0998371703293438,normal_delay,3
9.0,443.3,0.020302278366794494,normal_delay,3
211.0,5250.93,0.04018335799563125,normal_delay,3
64.0,2029.57,0.03153377316377361,normal_delay,3
68.0,2537.96,0.02679317246922725,normal_delay,3
36.0,1815.17,0.01983285312119526,normal_delay,3
22.0,1811.24,0.012146374859212473,normal_delay,3
0.0,443.3,0.0,normal_delay,3
59.0,841.37,0.07012372677894387,normal_delay,3
0.0,589.53,0.0,normal_delay,3
0.0,589.53,0.0,normal_delay,3
61.0,1497.6,0.04073183760683761,normal_delay,3
57.0,1289.6,0.044199751861042184,normal_delay,3
0.0,1790.6,0.0,normal_delay,3
0.0,2154.96,0.0,normal_delay,3
58.0,841.37,0.06893518903692787,normal_delay,3
29.0,610.17,0.047527738171329305,normal_delay,3
0.0,992.6,0.0,normal_delay,3
67.0,2222.24,0.030149758801929587,normal_delay,3
26.0,610.17,0.042611075601881446,normal_delay,3
23.0,2537.96,0.009062396570473924,normal_delay,3
16.0,610.17,0.026222200370388582,normal_delay,3
13.0,610.17,0.021305537800940723,normal_delay,3
11.0,1289.6,0.008529776674937966,normal_delay,3
0.0,589.53,0.0,normal_delay,3
32.0,837.44,0.03821169277799006,normal_delay,3
17.0,816.8,0.02081292850146915,normal_delay,3
2.0,610.17,0.0032777750462985727,normal_delay,3
6.0,614.1,0.009770395701025891,normal_delay,3
50.0,841.37,0.05942688710079989,normal_delay,3
6.0,1289.6,0.0046526054590570725,normal_delay,3
14.0,614.1,0.022797589969060412,normal_delay,3
27.0,1310.24,0.020606911710831604,normal_delay,3
56.0,841.37,0.06655811355289587,normal_delay,3
28.0,841.37,0.033279056776447935,normal_delay,3
23.0,614.1,0.03745318352059925,normal_delay,3
0.0,816.8,0.0,normal_delay,3
2.0,610.17,0.0032777750462985727,normal_delay,3
58.0,1545.37,0.03753146495661233,normal_delay,3
22.0,1404.24,0.015666837577622057,normal_delay,3
20.0,1790.6,0.011169440411035408,normal_delay,3
30.0,614.1,0.048851978505129456,normal_delay,3
0.0,614.1,0.0,normal_delay,3
34.0,614.1,0.055365575639146715,normal_delay,3
37.0,614.1,0.06025077348965966,normal_delay,3
26.0,614.1,0.0423383813711122,normal_delay,3
0.0,610.17,0.0,normal_delay,3
59.0,614.1,0.09607555772675459,normal_delay,3
20.0,614.1,0.03256798567008631,normal_delay,3
17.0,614.1,0.027682787819573357,normal_delay,3
32.0,614.1,0.05210877707213809,normal_delay,3
19.0,614.1,0.03093958638658199,normal_delay,3
12.0,614.1,0.019540791402051783,normal_delay,3
2.0,443.3,0.004511617414843221,normal_delay,3
45.0,2220.8,0.020262968299711814,normal_delay,3
7.0,614.1,0.011398794984530206,normal_delay,3
0.0,614.1,0.0,normal_delay,3
74.0,2457.37,0.03011349532223475,normal_delay,3
80.0,1520.8,0.052603892688058915,normal_delay,3
34.0,614.1,0.055365575639146715,normal_delay,3
25.0,614.1,0.04070998208760788,normal_delay,3
8.0,614.1,0.013027194268034522,normal_delay,3
1.0,614.1,0.0016283992835043153,normal_delay,3
39.0,1353.6,0.028812056737588656,normal_delay,3
0.0,1310.24,0.0,normal_delay,3
48.0,614.1,0.07816316560820713,normal_delay,3
35.0,614.1,0.056993974922651035,normal_delay,3
34.0,614.1,0.055365575639146715,normal_delay,3
17.0,614.1,0.027682787819573357,normal_delay,3
13.0,614.1,0.0211691906855561,normal_delay,3
0.0,614.1,0.0,normal_delay,3
37.0,1407.6,0.026285876669508386,normal_delay,3
27.0,614.1,0.04396678065461651,normal_delay,3
24.0,614.1,0.039081582804103565,normal_delay,3
13.0,614.1,0.0211691906855561,normal_delay,3
26.0,268.57,0.0968090255799233,normal_delay,3
0.0,614.1,0.0,normal_delay,3
40.0,614.1,0.06513597134017261,normal_delay,3
9.0,614.1,0.014655593551538837,normal_delay,3
0.0,614.1,0.0,normal_delay,3
109.0,1875.24,0.0581258932190013,normal_delay,3
0.0,1769.96,0.0,normal_delay,3
0.0,1289.6,0.0,normal_delay,3
34.0,614.1,0.055365575639146715,normal_delay,3
0.0,589.53,0.0,normal_delay,3
0.0,614.1,0.0,normal_delay,3
18.0,1794.53,0.010030481518837802,normal_delay,3
35.0,614.1,0.056993974922651035,normal_delay,3
19.0,614.1,0.03093958638658199,normal_delay,3
0.0,614.1,0.0,normal_delay,3
14.0,614.1,0.022797589969060412,normal_delay,3
3.0,614.1,0.004885197850512946,normal_delay,3
0.0,614.1,0.0,normal_delay,3
0.0,614.1,0.0,normal_delay,3
39.0,614.1,0.0635075720566683,normal_delay,3
17.0,614.1,0.027682787819573357,normal_delay,3
10.0,614.1,0.016283992835043153,normal_delay,3
12.0,614.1,0.019540791402051783,normal_delay,3
0.0,614.1,0.0,normal_delay,3
0.0,614.1,0.0,normal_delay,3
0.0,614.1,0.0,normal_delay,3
50.0,2453.44,0.020379548715273248,normal_delay,3
52.0,2359.44,0.02203912792866104,normal_delay,3
35.0,1374.24,0.025468622656886715,normal_delay,3
33.0,996.53,0.03311490873330457,normal_delay,3
22.0,614.1,0.03582478423709493,normal_delay,3
20.0,614.1,0.03256798567008631,normal_delay,3
10.0,614.1,0.016283992835043153,normal_delay,3
0.0,614.1,0.0,normal_delay,3
38.0,614.1,0.06187917277316398,normal_delay,3
0.0,614.1,0.0,normal_delay,3
5.0,1794.53,0.0027862448663438337,normal_delay,3
16.0,1374.24,0.011642798928862498,normal_delay,3
3.0,614.1,0.004885197850512946,normal_delay,3
7.0,614.1,0.011398794984530206,normal_delay,3
0.0,614.1,0.0,normal_delay,3
4.0,614.1,0.006513597134017261,normal_delay,3
0.0,614.1,0.0,normal_delay,3
0.0,589.53,0.0,normal_delay,3
0.0,614.1,0.0,normal_delay,3
0.0,443.3,0.0,normal_delay,3
3.0,1407.6,0.002131287297527707,normal_delay,3
44.0,614.1,0.07164956847418986,normal_delay,3
0.0,614.1,0.0,normal_delay,3
0.0,614.1,0.0,normal_delay,3
0.0,614.1,0.0,normal_delay,3
15.0,1407.6,0.010656436487638534,normal_delay,3
2.0,996.53,0.0020069641656548223,normal_delay,3
0.0,1497.6,0.0,normal_delay,3
165.0,3831.53,0.04306373694059553,normal_delay,3
0.0,1854.6,0.0,normal_delay,3
0.0,1769.96,0.0,normal_delay,3
0.0,1733.96,0.0,normal_delay,3
0.0,1353.6,0.0,normal_delay,3
0.0,1374.24,0.0,normal_delay,3
33.0,610.17,0.05408328826392645,normal_delay,3
0.0,589.53,0.0,normal_delay,3
0.0,1794.53,0.0,normal_delay,3
0.0,614.1,0.0,normal_delay,3
0.0,614.1,0.0,normal_delay,3
0.0,614.1,0.0,normal_delay,3
27.0,1407.6,0.01918158567774936,normal_delay,3
0.0,614.1,0.0,normal_delay,3
0.0,610.17,0.0,normal_delay,3
0.0,614.1,0.0,normal_delay,3
0.0,1386.96,0.0,normal_delay,3
0.0,614.1,0.0,normal_delay,3
7.0,1428.24,0.004901137063798801,normal_delay,3
0.0,1386.96,0.0,normal_delay,3
0.0,589.53,0.0,normal_delay,3
0.0,614.1,0.0,normal_delay,3
31.0,614.1,0.05048037778863377,normal_delay,3
44.0,1583.8,0.02778128551584796,normal_delay,3
0.0,1362.96,0.0,normal_delay,3
76.0,2562.53,0.029658189367539108,normal_delay,3
4.0,2973.6,0.0013451708366962604,normal_delay,3
16.0,614.1,0.026054388536069045,normal_delay,3
31.0,272.5,0.11376146788990826,normal_delay,3
0.0,589.53,0.0,normal_delay,3
17.0,272.5,0.062385321100917435,normal_delay,3
5.0,272.5,0.01834862385321101,normal_delay,3
0.0,614.1,0.0,normal_delay,3
0.0,614.1,0.0,normal_delay,3
0.0,614.1,0.0,normal_delay,3
96.0,1524.73,0.06296196703678685,normal_delay,3
31.0,614.1,0.05048037778863377,normal_delay,3
17.0,614.1,0.027682787819573357,normal_delay,3
63.0,2973.6,0.0211864406779661,normal_delay,3
61.0,1683.8,0.03622758047274023,normal_delay,3
6.0,2151.6,0.002788622420524261,normal_delay,3
2.0,614.1,0.0032567985670086306,normal_delay,3
0.0,614.1,0.0,normal_delay,3
0.0,614.1,0.0,normal_delay,3
5.0,614.1,0.008141996417521577,normal_delay,3
0.0,614.1,0.0,normal_delay,3
0.0,589.53,0.0,normal_delay,3
101.0,1524.73,0.06624123615328616,normal_delay,3
16.0,1017.17,0.01572991731962209,normal_delay,3
0.0,614.1,0.0,normal_delay,3
65.0,2994.24,0.021708346692315916,normal_delay,3
0.0,589.53,0.0,normal_delay,3
0.0,1386.96,0.0,normal_delay,3
22.0,1773.8,0.012402751155710904,normal_delay,3
20.0,1854.6,0.010783996549121105,normal_delay,3
25.0,1794.53,0.013931224331719168,normal_delay,3
32.0,1794.53,0.017831967144600537,normal_delay,3
9.0,1017.17,0.008848078492287425,normal_delay,3
0.0,1386.96,0.0,normal_delay,3
0.0,614.1,0.0,normal_delay,3
0.0,589.53,0.0,normal_delay,3
87.0,3384.53,0.025705193926483145,normal_delay,3
0.0,614.1,0.0,normal_delay,3
56.0,2175.6,0.025740025740025742,normal_delay,3
0.0,1362.96,0.0,normal_delay,3
0.0,861.8,0.0,normal_delay,3
0.0,589.53,0.0,normal_delay,3
0.0,614.1,0.0,normal_delay,3
63.0,1811.24,0.03478280073319936,normal_delay,3
0.0,589.53,0.0,normal_delay,3
17.0,610.17,0.02786108789353787,normal_delay,3
6.0,992.6,0.006044731009470079,normal_delay,3
21.0,443.3,0.047371982855853825,normal_delay,3
0.0,610.17,0.0,normal_delay,3
34.0,992.6,0.03425347572033045,normal_delay,3
0.0,443.3,0.0,normal_delay,3
42.0,443.3,0.09474396571170765,normal_delay,3
0.0,610.17,0.0,normal_delay,3
23.0,1310.24,0.017554035901819514,normal_delay,3
32.0,992.6,0.03223856538384042,normal_delay,3
0.0,1332.96,0.0,normal_delay,3
56.0,1545.37,0.0362372765098326,normal_delay,3
25.0,820.73,0.030460687436794073,normal_delay,3
9.0,443.3,0.020302278366794494,normal_delay,3
50.0,1518.24,0.032932869638528824,normal_delay,3
2.0,1013.24,0.0019738660139749713,normal_delay,3
0.0,2196.24,0.0,normal_delay,3
12.0,1545.37,0.007765130680678414,normal_delay,3
24.0,1353.6,0.01773049645390071,normal_delay,3
0.0,1332.96,0.0,normal_delay,3
49.0,2175.6,0.022522522522522525,normal_delay,3
0.0,1383.6,0.0,normal_delay,3
0.0,1013.24,0.0,normal_delay,3
0.0,247.93,0.0,normal_delay,3
55.0,1815.17,0.030300192268492756,normal_delay,3
0.0,2175.6,0.0,normal_delay,3
0.0,1013.24,0.0,normal_delay,3
34.0,820.73,0.04142653491403994,normal_delay,3
45.0,1811.24,0.024844857666570967,normal_delay,3
18.0,1017.17,0.01769615698457485,normal_delay,3
0.0,820.73,0.0,normal_delay,3
0.0,589.53,0.0,normal_delay,3
73.0,3106.8,0.023496845628942963,normal_delay,3
0.0,1029.96,0.0,normal_delay,3
35.0,614.1,0.056993974922651035,normal_delay,3
0.0,443.3,0.0,normal_delay,3
74.0,2319.6,0.03190205207794448,normal_delay,3
0.0,2175.6,0.0,normal_delay,3
27.0,614.1,0.04396678065461651,normal_delay,3
17.0,614.1,0.027682787819573357,normal_delay,3
83.0,2476.57,0.033514094089809696,normal_delay,3
6.0,614.1,0.009770395701025891,normal_delay,3
25.0,614.1,0.04070998208760788,normal_delay,3
14.0,614.1,0.022797589969060412,normal_delay,3
6.0,614.1,0.009770395701025891,normal_delay,3
0.0,1032.6,0.0,normal_delay,3
0.0,589.53,0.0,normal_delay,3
12.0,614.1,0.019540791402051783,normal_delay,3
0.0,589.53,0.0,normal_delay,3
39.0,1476.96,0.026405589860253494,normal_delay,3
0.0,1386.96,0.0,normal_delay,3
39.0,837.44,0.04657050057317539,normal_delay,3
0.0,614.1,0.0,normal_delay,3
17.0,816.8,0.02081292850146915,normal_delay,3
0.0,247.93,0.0,normal_delay,3
82.0,2455.93,0.03338857377856861,normal_delay,3
29.0,614.1,0.047223579221625143,normal_delay,3
0.0,610.17,0.0,normal_delay,3
66.0,841.37,0.07844349097305585,normal_delay,3
12.0,1353.6,0.008865248226950355,normal_delay,3
28.0,614.1,0.045595179938120824,normal_delay,3
27.0,614.1,0.04396678065461651,normal_delay,3
23.0,614.1,0.03745318352059925,normal_delay,3
34.0,614.1,0.055365575639146715,normal_delay,3
0.0,841.16,0.0,normal_delay,3
15.0,614.1,0.024425989252564728,normal_delay,3
33.0,1353.6,0.024379432624113476,normal_delay,3
12.0,841.37,0.014262452904191973,normal_delay,3
18.0,2151.6,0.008365867261572783,normal_delay,3
22.0,614.1,0.03582478423709493,normal_delay,3
12.0,614.1,0.019540791402051783,normal_delay,3
3.0,614.1,0.004885197850512946,normal_delay,3
0.0,614.1,0.0,normal_delay,3
11.0,1374.24,0.008004424263592968,normal_delay,3
40.0,614.1,0.06513597134017261,normal_delay,3
0.0,247.93,0.0,normal_delay,3
32.0,614.1,0.05210877707213809,normal_delay,3
39.0,614.1,0.0635075720566683,normal_delay,3
23.0,614.1,0.03745318352059925,normal_delay,3
18.0,614.1,0.029311187103077674,normal_delay,3
35.0,614.1,0.056993974922651035,normal_delay,3
8.0,614.1,0.013027194268034522,normal_delay,3
0.0,614.1,0.0,normal_delay,3
35.0,1407.6,0.02486501847115658,normal_delay,3
10.0,614.1,0.016283992835043153,normal_delay,3
11.0,614.1,0.017912392118547466,normal_delay,3
8.0,614.1,0.013027194268034522,normal_delay,3
1.0,614.1,0.0016283992835043153,normal_delay,3
0.0,837.44,0.0,normal_delay,3
45.0,1289.6,0.03489454094292804,normal_delay,3
14.0,1289.6,0.010856079404466501,normal_delay,3
34.0,614.1,0.055365575639146715,normal_delay,3
30.0,614.1,0.048851978505129456,normal_delay,3
29.0,614.1,0.047223579221625143,normal_delay,3
0.0,589.53,0.0,normal_delay,3
28.0,614.1,0.045595179938120824,normal_delay,3
7.0,614.1,0.011398794984530206,normal_delay,3
2.0,614.1,0.0032567985670086306,normal_delay,3
0.0,610.17,0.0,normal_delay,3
29.0,1289.6,0.02248759305210918,normal_delay,3
13.0,1289.6,0.010080645161290324,normal_delay,3
28.0,614.1,0.045595179938120824,normal_delay,3
20.0,614.1,0.03256798567008631,normal_delay,3
0.0,614.1,0.0,normal_delay,3
181.0,3294.64,0.054937717019158394,normal_delay,3
87.0,3831.53,0.0227063340232231,normal_delay,3
41.0,1310.24,0.031291977042373915,normal_delay,3
37.0,614.1,0.06025077348965966,normal_delay,3
7.0,1407.6,0.004973003694231316,normal_delay,3
5.0,1310.24,0.0038160947612651116,normal_delay,3
0.0,614.1,0.0,normal_delay,3
0.0,614.1,0.0,normal_delay,3
0.0,1386.96,0.0,normal_delay,3
0.0,996.53,0.0,normal_delay,3
0.0,614.1,0.0,normal_delay,3
0.0,614.1,0.0,normal_delay,3
0.0,614.1,0.0,normal_delay,3
50.0,614.1,0.08141996417521576,normal_delay,3
0.0,268.57,0.0,normal_delay,3
24.0,2451.8,0.009788726649808304,normal_delay,3
5.0,1794.53,0.0027862448663438337,normal_delay,3
0.0,614.1,0.0,normal_delay,3
0.0,614.1,0.0,normal_delay,3
34.0,272.5,0.12477064220183487,normal_delay,3
22.0,272.5,0.08073394495412844,normal_delay,3
0.0,1332.96,0.0,normal_delay,3
0.0,614.1,0.0,normal_delay,3
0.0,589.53,0.0,normal_delay,3
0.0,614.1,0.0,normal_delay,3
102.0,2451.8,0.04160208826168529,normal_delay,3
26.0,614.1,0.0423383813711122,normal_delay,3
0.0,589.53,0.0,normal_delay,3
36.0,1428.24,0.02520584775667955,normal_delay,3
38.0,614.1,0.06187917277316398,normal_delay,3
27.0,614.1,0.04396678065461651,normal_delay,3
0.0,589.53,0.0,normal_delay,3
65.0,1815.17,0.03580931813549144,normal_delay,3
15.0,1704.44,0.008800544460350614,normal_delay,3
12.0,614.1,0.019540791402051783,normal_delay,3
0.0,272.5,0.0,normal_delay,3
36.0,614.1,0.05862237420615535,normal_delay,3
71.0,1794.53,0.03956467710208244,normal_delay,3
7.0,614.1,0.011398794984530206,normal_delay,3
0.0,614.1,0.0,normal_delay,3
0.0,614.1,0.0,normal_delay,3
44.0,614.1,0.07164956847418986,normal_delay,3
21.0,614.1,0.03419638495359062,normal_delay,3
0.0,1011.96,0.0,normal_delay,3
0.0,614.1,0.0,normal_delay,3
47.0,1794.53,0.026190701743632038,normal_delay,3
33.0,1794.53,0.018389216117869304,normal_delay,3
27.0,614.1,0.04396678065461651,normal_delay,3
0.0,614.1,0.0,normal_delay,3
0.0,614.1,0.0,normal_delay,3
102.0,3384.53,0.030137123913807823,normal_delay,3
55.0,1794.44,0.030650230712645728,normal_delay,3
17.0,614.1,0.027682787819573357,normal_delay,3
0.0,614.1,0.0,normal_delay,3
2.0,1289.6,0.0015508684863523574,normal_delay,3
0.0,589.53,0.0,normal_delay,3
70.0,2562.53,0.027316753364838655,normal_delay,3
54.0,2025.64,0.026658241345944984,normal_delay,3
3.0,992.6,0.0030223655047350393,normal_delay,3
10.0,614.1,0.016283992835043153,normal_delay,3
2.0,614.1,0.0032567985670086306,normal_delay,3
75.0,1815.17,0.04131844400249012,normal_delay,3
18.0,1790.6,0.010052496369931867,normal_delay,3
12.0,614.1,0.019540791402051783,normal_delay,3
0.0,614.1,0.0,normal_delay,3
0.0,614.1,0.0,normal_delay,3
0.0,614.1,0.0,normal_delay,3
58.0,2029.57,0.028577481929669832,normal_delay,3
30.0,2130.96,0.014078161955175132,normal_delay,3
31.0,610.17,0.05080551321762788,normal_delay,3
27.0,614.1,0.04396678065461651,normal_delay,3
3.0,820.73,0.003655282492415289,normal_delay,3
1.0,614.1,0.0016283992835043153,normal_delay,3
0.0,614.1,0.0,normal_delay,3
0.0,589.53,0.0,normal_delay,3
0.0,614.1,0.0,normal_delay,3
0.0,614.1,0.0,normal_delay,3
92.0,3384.53,0.027182503922258038,normal_delay,3
58.0,1854.6,0.0312735899924512,normal_delay,3
50.0,1017.17,0.04915599162381903,normal_delay,3
0.0,1289.6,0.0,normal_delay,3
0.0,614.1,0.0,normal_delay,3
31.0,610.17,0.05080551321762788,normal_delay,3
16.0,1013.24,0.01579092811179977,normal_delay,3
0.0,614.1,0.0,normal_delay,3
80.0,3380.6,0.023664438265396676,normal_delay,3
0.0,614.1,0.0,normal_delay,3
3.0,1069.8,0.0028042624789680315,normal_delay,3
5.0,1032.6,0.004842146039124541,normal_delay,3
35.0,2130.96,0.016424522281037655,normal_delay,3
26.0,610.17,0.042611075601881446,normal_delay,3
13.0,610.17,0.021305537800940723,normal_delay,3
18.0,443.3,0.04060455673358899,normal_delay,3
0.0,614.1,0.0,normal_delay,3
0.0,614.1,0.0,normal_delay,3
0.0,614.1,0.0,normal_delay,3
0.0,247.93,0.0,normal_delay,3
27.0,443.3,0.060906835100383486,normal_delay,3
2.0,610.17,0.0032777750462985727,normal_delay,3
0.0,796.16,0.0,normal_delay,3
2.0,2151.6,0.0009295408068414204,normal_delay,3
0.0,796.16,0.0,normal_delay,3
0.0,1332.96,0.0,normal_delay,3
0.0,610.17,0.0,normal_delay,3
0.0,589.53,0.0,normal_delay,3
0.0,1268.96,0.0,normal_delay,3
36.0,2175.6,0.01654715940430226,normal_delay,3
96.0,1545.37,0.06212104544542731,normal_delay,3
109.0,1989.73,0.05478130198569655,normal_delay,3
0.0,1362.96,0.0,normal_delay,3
44.0,443.3,0.09925558312655086,normal_delay,3
44.0,1310.24,0.03358163389913298,normal_delay,3
0.0,1407.6,0.0,normal_delay,3
34.0,841.37,0.040410283228543925,normal_delay,3
19.0,1013.24,0.018751727132762228,normal_delay,3
11.0,816.8,0.01346718903036239,normal_delay,3
18.0,614.1,0.029311187103077674,normal_delay,3
57.0,2319.6,0.02457320227625453,normal_delay,3
33.0,614.1,0.0537371763556424,normal_delay,3
0.0,614.1,0.0,normal_delay,3
11.0,614.1,0.017912392118547466,normal_delay,3
25.0,1520.8,0.01643871646501841,normal_delay,3
24.0,1496.16,0.016041065126724412,normal_delay,3
37.0,996.53,0.037128837064614215,normal_delay,3
36.0,614.1,0.05862237420615535,normal_delay,3
32.0,614.1,0.05210877707213809,normal_delay,3
4.0,614.1,0.006513597134017261,normal_delay,3
24.0,614.1,0.039081582804103565,normal_delay,3
0.0,589.53,0.0,normal_delay,3
0.0,589.53,0.0,normal_delay,3
111.0,2994.24,0.03707117665918564,normal_delay,3
10.0,1428.24,0.00700162437685543,normal_delay,3
0.0,1332.96,0.0,normal_delay,3
24.0,1518.24,0.015807777426493835,normal_delay,3
31.0,610.17,0.05080551321762788,normal_delay,3
21.0,614.1,0.03419638495359062,normal_delay,3
121.0,4317.17,0.02802761994547354,normal_delay,3
62.0,2200.16,0.02817976874409134,normal_delay,3
34.0,2175.6,0.015627872770729915,normal_delay,3
55.0,2175.6,0.025280382423239565,normal_delay,3
26.0,614.1,0.0423383813711122,normal_delay,3
0.0,589.53,0.0,normal_delay,3
96.0,3405.17,0.02819242504779497,normal_delay,3
0.0,1017.17,0.0,normal_delay,3
15.0,2200.16,0.006817685986473711,normal_delay,3
2.0,2196.24,0.0009106472880923761,normal_delay,3
0.0,1289.6,0.0,normal_delay,3
0.0,1017.17,0.0,normal_delay,3
14.0,610.17,0.02294442532409001,normal_delay,3
50.0,2196.24,0.022766182202309405,normal_delay,3
10.0,610.17,0.016388875231492864,normal_delay,3
1.0,610.17,0.0016388875231492864,normal_delay,3
0.0,247.93,0.0,normal_delay,3
5.0,996.53,0.005017410414137055,normal_delay,3
0.0,1362.96,0.0,normal_delay,3
0.0,1332.96,0.0,normal_delay,3
0.0,589.53,0.0,normal_delay,3
0.0,247.93,0.0,normal_delay,3
40.0,1516.8,0.026371308016877638,normal_delay,3
6.0,1516.8,0.003955696202531646,normal_delay,3
0.0,1386.96,0.0,normal_delay,3
86.0,2558.6,0.03361213163448761,normal_delay,3
66.0,1428.24,0.04621072088724584,normal_delay,3
57.0,2583.17,0.02206591126406702,normal_delay,3
52.0,614.1,0.0846767627422244,normal_delay,3
0.0,878.36,0.0,normal_delay,3
0.0,614.1,0.0,normal_delay,3
33.0,2476.57,0.013324880782695421,normal_delay,3
0.0,1362.96,0.0,normal_delay,3
27.0,614.1,0.04396678065461651,normal_delay,3
7.0,1813.56,0.0038598116411919098,normal_delay,3
28.0,614.1,0.045595179938120824,normal_delay,3
16.0,614.1,0.026054388536069045,normal_delay,3
37.0,2220.8,0.01666066282420749,normal_delay,3
30.0,614.1,0.048851978505129456,normal_delay,3
17.0,614.1,0.027682787819573357,normal_delay,3
119.0,5015.8,0.02372502890864867,normal_delay,3
24.0,1407.6,0.017050298380221655,normal_delay,3
57.0,1815.17,0.03140201744189249,normal_delay,3
37.0,1813.56,0.02040186153201438,normal_delay,3
0.0,1386.96,0.0,normal_delay,3
1.0,614.1,0.0016283992835043153,normal_delay,3
71.0,1428.24,0.04971153307567355,normal_delay,3
23.0,879.8,0.026142305069333942,normal_delay,3
29.0,614.1,0.047223579221625143,normal_delay,3
34.0,614.1,0.055365575639146715,normal_delay,3
21.0,614.1,0.03419638495359062,normal_delay,3
26.0,614.1,0.0423383813711122,normal_delay,3
11.0,614.1,0.017912392118547466,normal_delay,3
40.0,272.5,0.14678899082568808,normal_delay,3
25.0,272.5,0.09174311926605505,normal_delay,3
2.0,2537.96,0.0007880344843890369,normal_delay,3
32.0,1815.17,0.017629202774395787,normal_delay,3
1.0,614.1,0.0016283992835043153,normal_delay,3
0.0,272.5,0.0,normal_delay,3
55.0,3405.17,0.016151910183632535,normal_delay,3
27.0,1838.13,0.014688841376834065,normal_delay,3
36.0,1374.24,0.02619629758994062,normal_delay,3
13.0,614.1,0.0211691906855561,normal_delay,3
0.0,589.53,0.0,normal_delay,3
24.0,1838.13,0.013056747890519168,normal_delay,3
26.0,1407.6,0.01847115657857346,normal_delay,3
20.0,614.1,0.03256798567008631,normal_delay,3
14.0,614.1,0.022797589969060412,normal_delay,3
15.0,268.57,0.05585136091149421,normal_delay,3
39.0,2583.17,0.015097728759624802,normal_delay,3
28.0,1428.24,0.019604548255195205,normal_delay,3
0.0,1029.96,0.0,normal_delay,3
72.0,3384.53,0.021273263939158463,normal_delay,3
63.0,2359.44,0.026701251144339334,normal_delay,3
68.0,1815.17,0.03746205589559105,normal_delay,3
39.0,614.1,0.0635075720566683,normal_delay,3
29.0,614.1,0.047223579221625143,normal_delay,3
22.0,614.1,0.03582478423709493,normal_delay,3
19.0,614.1,0.03093958638658199,normal_delay,3
0.0,272.5,0.0,normal_delay,3
46.0,882.44,0.05212819001858483,normal_delay,3
0.0,1362.96,0.0,normal_delay,3
4.0,614.1,0.006513597134017261,normal_delay,3
97.0,841.37,0.11528816097555178,normal_delay,3
39.0,614.1,0.0635075720566683,normal_delay,3
18.0,1428.24,0.012602923878339774,normal_delay,3
40.0,882.44,0.045328860885725936,normal_delay,3
0.0,1362.96,0.0,normal_delay,3
0.0,1332.96,0.0,normal_delay,3
25.0,614.1,0.04070998208760788,normal_delay,3
81.0,841.37,0.09627155710329581,normal_delay,3
94.0,3405.17,0.027605082859299242,normal_delay,3
53.0,1854.6,0.028577590855170927,normal_delay,3
21.0,861.8,0.024367602692039917,normal_delay,3
8.0,614.1,0.013027194268034522,normal_delay,3
0.0,614.1,0.0,normal_delay,3
0.0,614.1,0.0,normal_delay,3
0.0,614.1,0.0,normal_delay,3
19.0,882.44,0.02153120892071982,normal_delay,3
15.0,610.17,0.024583312847239296,normal_delay,3
0.0,1332.96,0.0,normal_delay,3
11.0,610.17,0.01802776275464215,normal_delay,3
118.0,3677.44,0.032087539157674906,normal_delay,3
70.0,3827.6,0.0182882223847842,normal_delay,3
102.0,1754.6,0.0581329077852502,normal_delay,3
70.0,841.37,0.08319764194111984,normal_delay,3
17.0,610.17,0.02786108789353787,normal_delay,3
0.0,614.1,0.0,normal_delay,3
0.0,614.1,0.0,normal_delay,3
0.0,272.5,0.0,normal_delay,3
240.0,5227.8,0.04590841271663032,normal_delay,3
4.0,610.17,0.0065555500925971455,normal_delay,3
0.0,610.17,0.0,normal_delay,3
109.0,2622.6,0.0415618088919393,normal_delay,3
124.0,2222.24,0.055799553603571174,normal_delay,3
4.0,1500.16,0.0026663822525597267,normal_delay,3
40.0,820.73,0.04873709989887052,normal_delay,3
45.0,614.1,0.07327796775769418,normal_delay,3
1.0,820.73,0.001218427497471763,normal_delay,3
0.0,610.17,0.0,normal_delay,3
38.0,1090.44,0.034848318110120687,normal_delay,3
0.0,971.96,0.0,normal_delay,3
0.0,614.1,0.0,normal_delay,3
92.0,2025.64,0.04541774451531368,normal_delay,3
0.0,614.1,0.0,normal_delay,3
0.0,614.1,0.0,normal_delay,3
122.0,3044.24,0.04007568391454025,normal_delay,3
12.0,1404.24,0.008545547769612033,normal_delay,3
38.0,614.1,0.06187917277316398,normal_delay,3
0.0,614.1,0.0,normal_delay,3
0.0,614.1,0.0,normal_delay,3
67.0,1500.16,0.04466190273037542,normal_delay,3
7.0,1289.6,0.005428039702233251,normal_delay,3
32.0,614.1,0.05210877707213809,normal_delay,3
0.0,614.1,0.0,normal_delay,3
36.0,1794.53,0.020060963037675603,normal_delay,3
33.0,614.1,0.0537371763556424,normal_delay,3
43.0,443.3,0.09699977441912926,normal_delay,3
0.0,614.1,0.0,normal_delay,3
103.0,3044.24,0.03383438887866923,normal_delay,3
10.0,1013.24,0.009869330069874857,normal_delay,3
0.0,1332.96,0.0,normal_delay,3
0.0,820.73,0.0,normal_delay,3
36.0,996.53,0.0361253549817868,normal_delay,3
0.0,879.8,0.0,normal_delay,3
0.0,589.53,0.0,normal_delay,3
0.0,1289.6,0.0,normal_delay,3
0.0,1032.6,0.0,normal_delay,3
34.0,614.1,0.055365575639146715,normal_delay,3
26.0,614.1,0.0423383813711122,normal_delay,3
13.0,614.1,0.0211691906855561,normal_delay,3
13.0,614.1,0.0211691906855561,normal_delay,3
0.0,614.1,0.0,normal_delay,3
0.0,614.1,0.0,normal_delay,3
11.0,614.1,0.017912392118547466,normal_delay,3
7.0,614.1,0.011398794984530206,normal_delay,3
0.0,614.1,0.0,normal_delay,3
11.0,899.0,0.012235817575083427,normal_delay,3
0.0,614.1,0.0,normal_delay,3
0.0,614.1,0.0,normal_delay,3
24.0,841.37,0.028524905808383946,normal_delay,3
38.0,614.1,0.06187917277316398,normal_delay,3
33.0,614.1,0.0537371763556424,normal_delay,3
24.0,2220.8,0.010806916426512967,normal_delay,3
0.0,614.1,0.0,normal_delay,3
3.0,2151.6,0.0013943112102621305,normal_delay,3
24.0,841.37,0.028524905808383946,normal_delay,3
12.0,992.6,0.012089462018940157,normal_delay,3
35.0,614.1,0.056993974922651035,normal_delay,3
18.0,841.37,0.02139367935628796,normal_delay,3
24.0,614.1,0.039081582804103565,normal_delay,3
10.0,614.1,0.016283992835043153,normal_delay,3
0.0,614.1,0.0,normal_delay,3
0.0,614.1,0.0,normal_delay,3
44.0,2455.93,0.017915820076305107,normal_delay,3
10.0,614.1,0.016283992835043153,normal_delay,3
0.0,614.1,0.0,normal_delay,3
0.0,614.1,0.0,normal_delay,3
1.0,443.3,0.0022558087074216106,normal_delay,3
0.0,614.1,0.0,normal_delay,3
0.0,796.16,0.0,normal_delay,3
0.0,614.1,0.0,normal_delay,3
0.0,614.1,0.0,normal_delay,3
0.0,268.57,0.0,normal_delay,3
20.0,443.3,0.04511617414843221,normal_delay,3
0.0,614.1,0.0,normal_delay,3
0.0,614.1,0.0,normal_delay,3
0.0,1289.6,0.0,normal_delay,3
32.0,816.8,0.039177277179236046,normal_delay,3
6.0,1017.17,0.005898718994858283,normal_delay,3
0.0,247.93,0.0,normal_delay,3
0.0,1032.6,0.0,normal_delay,3
0.0,614.1,0.0,normal_delay,3
25.0,1017.17,0.024577995811909514,normal_delay,3
92.0,2453.44,0.03749836963610278,normal_delay,3
0.0,1029.96,0.0,normal_delay,3
43.0,1476.96,0.029113855486946158,normal_delay,3
6.0,1541.44,0.003892464189329458,normal_delay,3
21.0,2154.96,0.009744960463303263,normal_delay,3
0.0,1386.96,0.0,normal_delay,3
0.0,1476.96,0.0,normal_delay,3
5.0,816.8,0.006121449559255632,normal_delay,3
0.0,1383.6,0.0,normal_delay,3
0.0,589.53,0.0,normal_delay,3
2.0,996.53,0.0020069641656548223,normal_delay,3
0.0,589.53,0.0,normal_delay,3
0.0,614.1,0.0,normal_delay,3
69.0,1524.73,0.04525391380769054,normal_delay,3
1.0,1541.44,0.0006487440315549097,normal_delay,3
0.0,614.1,0.0,normal_delay,3
0.0,1386.96,0.0,normal_delay,3
0.0,992.6,0.0,normal_delay,3
29.0,1524.73,0.019019760875696026,normal_delay,3
0.0,1362.96,0.0,normal_delay,3
0.0,589.53,0.0,normal_delay,3
3.0,1815.17,0.0016527377600996048,normal_delay,3
105.0,2241.44,0.046844885430794486,normal_delay,3
97.0,1815.17,0.053438520909887224,normal_delay,3
67.0,1017.17,0.06586902877591749,normal_delay,3
0.0,1332.96,0.0,normal_delay,3
0.0,1383.6,0.0,normal_delay,3
2.0,882.44,0.0022664430442862968,normal_delay,3
102.0,3405.17,0.029954451613282154,normal_delay,3
46.0,2431.16,0.01892100890110071,normal_delay,3
39.0,1811.24,0.02153220997769484,normal_delay,3
23.0,610.17,0.03769441303243359,normal_delay,3
0.0,1032.6,0.0,normal_delay,3
38.0,1407.6,0.026996305768684288,normal_delay,3
27.0,1353.6,0.0199468085106383,normal_delay,3
0.0,1386.96,0.0,normal_delay,3
20.0,610.17,0.03277775046298573,normal_delay,3
48.0,1545.37,0.031060522722713656,normal_delay,3
74.0,2196.24,0.03369394965941792,normal_delay,3
76.0,1500.16,0.05066126279863481,normal_delay,3
46.0,1582.36,0.02907050228772214,normal_delay,3
99.0,1815.17,0.054540346083286964,normal_delay,3
2.0,1407.6,0.0014208581983518045,normal_delay,3
16.0,610.17,0.026222200370388582,normal_delay,3
34.0,1545.37,0.022001203595255505,normal_delay,3
11.0,1407.6,0.007814720090934925,normal_delay,3
142.0,4042.0,0.0351311232063335,normal_delay,3
18.0,992.6,0.018134193028410236,normal_delay,3
51.0,614.1,0.08304836345872008,normal_delay,3
33.0,820.73,0.040208107416568176,normal_delay,3
25.0,614.1,0.04070998208760788,normal_delay,3
3.0,614.1,0.004885197850512946,normal_delay,3
0.0,971.96,0.0,normal_delay,3
8.0,610.17,0.013111100185194291,normal_delay,3
3.0,614.1,0.004885197850512946,normal_delay,3
54.0,2558.6,0.021105291956538732,normal_delay,3
21.0,820.73,0.025586977446907022,normal_delay,3
7.0,610.17,0.011472212662045005,normal_delay,3
40.0,1013.24,0.03947732027949943,normal_delay,3
33.0,614.1,0.0537371763556424,normal_delay,3
10.0,614.1,0.016283992835043153,normal_delay,3
7.0,614.1,0.011398794984530206,normal_delay,3
0.0,1332.96,0.0,normal_delay,3
0.0,1069.8,0.0,normal_delay,3
17.0,614.1,0.027682787819573357,normal_delay,3
11.0,614.1,0.017912392118547466,normal_delay,3
40.0,1794.53,0.02228995893075067,normal_delay,3
42.0,614.1,0.06839276990718124,normal_delay,3
22.0,614.1,0.03582478423709493,normal_delay,3
65.0,2601.96,0.024981168042552536,normal_delay,3
30.0,1353.6,0.022163120567375887,normal_delay,3
26.0,614.1,0.0423383813711122,normal_delay,3
12.0,614.1,0.019540791402051783,normal_delay,3
10.0,614.1,0.016283992835043153,normal_delay,3
0.0,1794.53,0.0,normal_delay,3
0.0,1268.96,0.0,normal_delay,3
30.0,614.1,0.048851978505129456,normal_delay,3
11.0,614.1,0.017912392118547466,normal_delay,3
39.0,614.1,0.0635075720566683,normal_delay,3
33.0,614.1,0.0537371763556424,normal_delay,3
109.0,3831.53,0.0284481656153025,normal_delay,3
43.0,1794.44,0.023962907648068476,normal_delay,3
13.0,1383.6,0.009395779126915294,normal_delay,3
0.0,1794.53,0.0,normal_delay,3
30.0,443.3,0.06767426122264832,normal_delay,3
80.0,2583.17,0.030969700019743182,normal_delay,3
28.0,1289.6,0.021712158808933003,normal_delay,3
36.0,614.1,0.05862237420615535,normal_delay,3
9.0,820.73,0.010965847477245867,normal_delay,3
24.0,614.1,0.039081582804103565,normal_delay,3
36.0,614.1,0.05862237420615535,normal_delay,3
23.0,614.1,0.03745318352059925,normal_delay,3
36.0,614.1,0.05862237420615535,normal_delay,3
28.0,614.1,0.045595179938120824,normal_delay,3
63.0,1854.6,0.03396958912973148,normal_delay,3
31.0,614.1,0.05048037778863377,normal_delay,3
27.0,614.1,0.04396678065461651,normal_delay,3
18.0,2201.6,0.008175872093023256,normal_delay,3
0.0,1353.6,0.0,normal_delay,3
50.0,614.1,0.08141996417521576,normal_delay,3
40.0,614.1,0.06513597134017261,normal_delay,3
44.0,841.37,0.0522956606487039,normal_delay,3
37.0,1017.17,0.036375433801626084,normal_delay,3
32.0,614.1,0.05210877707213809,normal_delay,3
171.0,5021.17,0.0340558077101552,normal_delay,3
57.0,841.37,0.06774665129491186,normal_delay,3
33.0,841.37,0.039221745486527924,normal_delay,3
16.0,1017.17,0.01572991731962209,normal_delay,3
24.0,816.8,0.029382957884427033,normal_delay,3
0.0,996.53,0.0,normal_delay,3
15.0,837.44,0.017911730989682843,normal_delay,3
0.0,1794.53,0.0,normal_delay,3
16.0,1289.6,0.01240694789081886,normal_delay,3
49.0,614.1,0.07979156489171145,normal_delay,3
42.0,614.1,0.06839276990718124,normal_delay,3
26.0,2201.6,0.011809593023255814,normal_delay,3
19.0,1854.6,0.01024479672166505,normal_delay,3
0.0,1332.96,0.0,normal_delay,3
6.0,816.8,0.007345739471106758,normal_delay,3
65.0,837.44,0.07761750095529231,normal_delay,3
37.0,837.44,0.04418226977455101,normal_delay,3
4.0,1383.6,0.002891008962127783,normal_delay,3
18.0,3044.24,0.005912805823456758,normal_delay,3
2.0,3022.16,0.0006617783307303386,normal_delay,3
43.0,1524.73,0.028201714401894104,normal_delay,3
90.0,2455.93,0.03664599561062409,normal_delay,3
37.0,1520.8,0.02432930036822725,normal_delay,3
29.0,1017.17,0.028510475141815036,normal_delay,3
26.0,816.8,0.031831537708129284,normal_delay,3
110.0,3384.53,0.03250081990704765,normal_delay,3
15.0,1545.37,0.009706413350848018,normal_delay,3
74.0,2562.53,0.02887771069997229,normal_delay,3
67.0,2457.37,0.02726492144040173,normal_delay,3
0.0,2412.16,0.0,normal_delay,3
40.0,841.37,0.04754150968063991,normal_delay,3
63.0,2175.6,0.02895752895752896,normal_delay,3
22.0,841.37,0.02614783032435195,normal_delay,3
1.0,2154.96,0.00046404573634777443,normal_delay,3
41.0,3275.44,0.012517402242141514,normal_delay,3
0.0,2175.6,0.0,normal_delay,3
31.0,1017.17,0.030476714806767797,normal_delay,3
31.0,1815.17,0.017078290187695917,normal_delay,3
244.0,4843.93,0.05037232164791811,normal_delay,3
72.0,1518.24,0.047423332279481506,normal_delay,3
42.0,1811.24,0.023188533822132904,normal_delay,3
73.0,2562.53,0.02848747136618888,normal_delay,3
76.0,3384.53,0.022455111935778378,normal_delay,3
46.0,1518.24,0.030298240067446518,normal_delay,3
39.0,1518.24,0.025687638318052482,normal_delay,3
46.0,1428.24,0.03220747213353498,normal_delay,3
44.0,1053.24,0.04177585355664426,normal_delay,3
41.0,2558.6,0.016024388337372002,normal_delay,3
26.0,2196.24,0.01183841474520089,normal_delay,3
23.0,1407.6,0.016339869281045753,normal_delay,3
110.0,3405.17,0.03230382036726507,normal_delay,3
59.0,2579.24,0.0228749554132225,normal_delay,3
35.0,1428.24,0.024505685318994008,normal_delay,3
71.0,2583.17,0.027485608767522075,normal_delay,3
75.0,1815.17,0.04131844400249012,normal_delay,3
40.0,1353.6,0.02955082742316785,normal_delay,3
31.0,2196.24,0.01411503296543183,normal_delay,3
53.0,1815.17,0.02919836709509302,normal_delay,3
40.0,1404.24,0.028485159232040105,normal_delay,3
26.0,1603.0,0.016219588271990017,normal_delay,3
61.0,1790.6,0.034066793253657995,normal_delay,3
43.0,1815.17,0.02368924122809434,normal_delay,3
1.0,1794.53,0.0005572489732687668,normal_delay,3
56.0,3258.73,0.017184608727940025,normal_delay,3
32.0,1811.24,0.017667454340672687,normal_delay,3
64.0,1833.96,0.034897162424480356,normal_delay,3
72.0,2622.6,0.027453671928620454,normal_delay,3
94.0,3087.6,0.030444358077471177,normal_delay,3
33.0,1794.53,0.018389216117869304,normal_delay,3
73.0,2562.53,0.02848747136618888,normal_delay,3
23.0,1854.6,0.01240159603148927,normal_delay,3
33.0,1407.6,0.023444160272804774,normal_delay,3
57.0,1733.96,0.032872730628157515,normal_delay,3
116.0,3401.24,0.03410520868859593,normal_delay,3
42.0,2180.96,0.019257574646027436,normal_delay,3
29.0,1497.6,0.01936431623931624,normal_delay,3
53.0,2318.16,0.02286296027884184,normal_delay,3
49.0,2154.96,0.022738241081040948,normal_delay,3
160.0,3656.8,0.04375410194705753,normal_delay,3
39.0,2537.96,0.015366672445586219,normal_delay,3
44.0,2175.6,0.020224305938591654,normal_delay,3
33.0,2175.6,0.01516822945394374,normal_delay,3
72.0,2431.16,0.0296154921930272,normal_delay,3
50.0,1965.16,0.025443220908221213,normal_delay,3
25.0,2175.6,0.011491082919654349,normal_delay,3
6.0,2154.96,0.0027842744180866467,normal_delay,3
56.0,2412.16,0.023215707084107192,normal_delay,3
44.0,3441.24,0.012786088735455826,normal_delay,3
32.0,4045.93,0.00790918280840252,normal_delay,3
41.0,2151.6,0.01905558654024912,normal_delay,3
152.0,4292.6,0.03540977496156175,normal_delay,3
83.0,2583.17,0.03213106377048355,normal_delay,3
4.0,2952.96,0.0013545730385782402,normal_delay,3
12.0,2973.6,0.004035512510088782,normal_delay,3
36.0,2537.96,0.014184620719002663,normal_delay,3
102.0,3405.17,0.029954451613282154,normal_delay,3
128.0,2476.57,0.05168438606621254,normal_delay,3
203.0,3885.6,0.05224418365246037,normal_delay,3
37.0,2175.6,0.017006802721088437,normal_delay,3
128.0,2452.0,0.052202283849918436,normal_delay,3
58.0,1537.44,0.03772504943282339,normal_delay,3
45.0,2579.24,0.01744699989144089,normal_delay,3
37.0,2175.6,0.017006802721088437,normal_delay,3
67.0,1537.44,0.043578936413778746,normal_delay,3
47.0,2175.6,0.021603235888950176,normal_delay,3
39.0,2558.6,0.015242710857500195,normal_delay,3
50.0,3380.6,0.014790273915872922,normal_delay,3
66.0,1813.56,0.036392509759809434,normal_delay,3
133.0,3087.6,0.043075527918124114,normal_delay,3
72.0,3127.44,0.023022024403345866,normal_delay,3
41.0,3087.6,0.013278922140173599,normal_delay,3
185.0,4841.44,0.03821177170428633,normal_delay,3
57.0,2537.96,0.02245898280508755,normal_delay,3
27.0,3380.6,0.007986747914571378,normal_delay,3
145.0,3885.6,0.03731727403747169,normal_delay,3
85.0,3770.96,0.022540679296518658,normal_delay,3
41.0,2472.44,0.016582808885149892,normal_delay,3
93.0,2562.53,0.03629225804185707,normal_delay,3
103.0,3042.8,0.03385040094649665,normal_delay,3
78.0,2175.6,0.035852178709321565,normal_delay,3
80.0,2151.6,0.03718163227365681,normal_delay,3
75.0,2453.44,0.03056932307290987,normal_delay,3
237.0,5227.8,0.04533455755767244,normal_delay,3
151.0,2455.93,0.06148383708004707,normal_delay,3
154.0,2455.93,0.06270537026706788,normal_delay,3
42.0,3405.17,0.0123341859584103,normal_delay,3
84.0,3380.6,0.02484766017866651,normal_delay,3
43.0,3384.53,0.012704865963664082,normal_delay,3
75.0,3884.16,0.019309194265941673,normal_delay,3
127.0,4042.0,0.0314200890648194,normal_delay,3
172.0,5252.37,0.03274712177550325,normal_delay,3
76.0,4332.44,0.017542077905291248,normal_delay,3
62.0,4317.17,0.014361259806771566,normal_delay,3
